1.025181 799.5628 0.7743456
1.048391 1996.939 0.5640275
1.05586 862.538 0.9621947
1.073288 1676.786 0.7745302
1.075147 4124.845 0.581072
1.080154 917.436 0.5248972
1.081752 3245.56 0.2460608
1.08259 3211.949 0.2456047
1.08563 3375.183 0.0996574
1.0927 1113.553 0.4177968
1.097238 4063.572 0.9954382
1.097964 816.2799 0.9396622
1.098243 829.7776 0.8905055
1.098243 858.508 0.9645027
1.098243 859.0412 0.8096598
1.098243 941.6688 0.9404806
1.098243 965.577 0.8033279
1.098243 967.4411 0.7679031
1.103377 2768.752 0.6531819
1.104382 5221.891 3.896785e-05
1.104534 1376.565 0.8910902
1.109696 1787.514 0.8783627
1.109783 1636.859 0.7960066
1.114475 3862.526 3.896785e-05
1.115186 3614.776 0.1753544
1.11773 2868.549 0.8384101
1.120572 1170.466 0.4527111
1.121496 1214.243 0.7047735
1.121555 933.8696 0.7791279
1.128959 1436.893 0.8335957
1.131974 1621.937 0.8924115
1.132984 809.6136 0.8969663
1.134448 3920.243 0.208465
1.137624 762.0554 0.4310797
1.138532 846.8899 0.8736188
1.140508 1790.382 0.3458377
1.140842 705.123 0.4516562
1.141209 937.8685 0.6128838
1.144928 4293.568 0.02379797
1.148482 767.0298 0.8150544
1.150036 2544.388 0.8032194
1.150943 2130.709 0.9644312
1.154466 2040.776 0.3046665
1.15451 4766.648 0.7159896
1.161661 1290.67 0.9076023
1.165201 850.0131 0.3962346
1.165204 1557.346 0.5454134
1.165576 1153.434 0.9116201
1.166705 1424.068 0.3604307
1.167481 5171.879 0.4735718
1.16839 888.2126 0.7656463
1.170075 839.5798 0.6079266
1.171964 1161.786 0.3256339
1.173532 1718.859 0.8460815
1.175275 1378.001 0.6841914
1.17564 1794.725 0.7431783
1.176201 1572.714 0.8448186
1.178721 2828.294 0.7621759
1.179409 1366.609 0.5066038
1.183288 2136.754 0.8350209
1.184576 2741.724 0.8676682
1.184607 5329.004 0.5189317
1.184757 1199.581 0.6873474
1.18605 839.321 0.6885897
1.189884 619.4071 0.76397
1.191782 5163.659 0.6714543
1.198109 1309.836 0.3605026
1.200277 3295.04 0.5524829
1.200724 1277.884 0.6098016
1.200737 920.0161 0.6459563
1.20112 2488.482 0.1933554
1.20313 742.9598 0.9057363
1.206913 887.0458 0.8037634
1.211879 876.1509 0.6856658
1.21279 1403.03 0.5968488
1.213017 839.5253 0.5110969
1.218446 4823.869 0.0194468
1.218493 6136.632 0.3182316
1.220643 838.4219 0.7668355
1.220662 771.4665 0.6733734
1.224407 802.5001 0.6061622
1.225014 915.5944 0.62344
1.225033 937.251 0.9458445
1.225458 1813.78 0.4707864
1.226859 732.8139 0.5459092
1.227157 1253.89 0.3449631
1.230347 862.5071 0.7790396
1.230554 898.8121 0.5545325
1.230816 994.3835 0.911227
1.232202 682.9557 0.7910696
1.23235 2142.516 0.6729393
1.233422 741.2297 0.6941281
1.240077 1197.239 0.7825227
1.242039 905.6098 0.7213761
1.243242 1488.209 0.5762707
1.243551 1849.603 0.7191887
1.245119 2475.899 0.2001777
1.245623 2007.063 0.3016768
1.248322 1523.754 0.7829593
1.248575 753.3641 0.6266656
1.248606 1216.705 0.7079675
1.249204 802.0433 0.4304274
1.249248 2029.138 0.9204448
1.254351 4116.856 0.8944279
1.256447 826.649 0.6395675
1.25862 864.6889 0.8861266
1.259635 4639.554 0.831875
1.259896 886.2845 0.7062509
1.266459 3453.121 3.896785e-05
1.266634 3966.323 0.9954382
1.267555 1150.671 0.7828495
1.268276 558.9129 0.730532
1.26871 838.4267 0.5715151
1.268801 1632.134 0.5611772
1.269655 953.323 0.7512565
1.270223 3109.559 0.4782534
1.272382 1901.328 0.4224473
1.273782 1426.829 0.6134172
1.276548 998.1723 0.8036993
1.278199 558.9129 0.7013635
1.278315 1601.288 0.2118904
1.278779 904.3678 0.7120203
1.2793 777.2265 0.7805653
1.279954 838.2093 0.6963223
1.280475 837.7825 0.6722721
1.280924 1901.328 0.4384877
1.282457 1932.726 0.6991689
1.284922 1901.328 0.4292125
1.285132 2398.329 0.2300316
1.285356 990.621 0.9318199
1.285668 2087.716 0.5524986
1.28605 715.243 0.7297051
1.288135 1901.328 0.4423225
1.288628 558.9129 0.6531195
1.289191 558.9129 0.6930239
1.291367 1901.328 0.4084817
1.292411 1901.328 0.3798399
1.293001 729.7653 0.6132418
1.295534 899.8159 0.8919091
1.296219 684.5352 0.5767022
1.29672 1673.186 0.8676696
1.297092 1371.082 0.7097988
1.297389 5765.353 0.3249507
1.298678 865.9463 0.5291027
1.299234 1088.526 0.6317888
1.29978 1002.85 0.5965145
1.30111 4378.62 0.1017763
1.303237 558.9129 0.7054812
1.306848 558.9129 0.6458461
1.308753 527.0731 0.8355297
1.309632 823.6151 0.7048483
1.310097 948.6033 0.6491685
1.311431 958.6435 0.7929195
1.312343 1523.487 0.8932082
1.315024 751.0242 0.7739812
1.315657 2183.708 0.3730898
1.320082 1635.278 0.3834047
1.322732 1506.386 0.7921646
1.326963 779.2163 0.6185203
1.330941 4617.707 0.3326767
1.331592 5082.214 0.5208119
1.33499 1430.295 0.5865466
1.338056 741.9321 0.7897393
1.338958 3863.383 0.7264358
1.340973 2199.155 0.2249168
1.341081 3866.274 3.896785e-05
1.343054 1147.773 0.5359552
1.343427 2395.149 0.5346934
1.343509 1366.997 0.3847394
1.347769 966.1972 0.5974796
1.349236 720.3831 0.6345085
1.349719 1545.985 0.4548835
1.354466 1255.687 0.3812932
1.355081 1001.463 0.9151152
1.355939 652.7428 0.6237683
1.357959 652.5991 0.7557446
1.361735 1105.144 0.9054998
1.362014 1519.505 0.6736372
1.362626 4159.168 0.2166142
1.362877 723.6844 0.7491647
1.36405 1145.068 0.4970143
1.367346 1931.581 0.6298732
1.369323 3542.78 0.2902186
1.369818 2614.833 0.3158677
1.371399 1683.563 0.7949604
1.372026 553.7121 0.6823076
1.374084 1514.522 0.7951702
1.378779 4140.469 0.04714015
1.380158 1619.693 0.9181577
1.381261 956.8545 0.494009
1.381587 869.2935 0.7478323
1.385074 4199.152 0.9954382
1.386959 1429.282 0.8760948
1.390932 1396.481 0.6190015
1.394388 765.9691 0.5987238
1.399175 1490.98 0.8961405
1.400301 4670.472 0.3655312
1.400955 1596.472 0.8649848
1.401144 999.5483 0.5839552
1.403057 774.0211 0.5062754
1.405752 5124.751 3.896785e-05
1.408898 916.6205 0.5682334
1.409319 1018.028 0.9120386
1.410683 1221.797 0.7532023
1.411476 1701.086 0.7160676
1.411984 1447.137 0.7012031
1.412585 4220.565 0.5846035
1.412659 1628.973 0.5521237
1.415781 3454.351 0.07997278
1.415946 531.5605 0.9160487
1.417849 1533.72 0.865401
1.418115 788.9122 0.4424148
1.422554 1503.621 0.3896162
1.427925 3774.112 0.2540019
1.428352 1072.965 0.3854893
1.429007 5915.863 3.896785e-05
1.430555 3912.806 3.896785e-05
1.433648 1150.329 0.3801883
1.436802 2580.121 0.8010222
1.438486 1491.945 0.6400157
1.442115 1395.26 0.659136
1.442421 628.126 0.580483
1.444356 597.3774 0.8200902
1.445848 2978.897 3.896785e-05
1.446705 3509.097 0.1218103
1.447491 538.0133 0.7087656
1.457746 794.5034 0.5675833
1.457746 801.8285 0.6555258
1.457746 855.2798 0.5048936
1.457746 865.4174 0.5026217
1.457746 876.091 0.5055448
1.457746 1003.221 0.4940475
1.460309 4860.871 3.896785e-05
1.466979 3856.676 3.896785e-05
1.480643 2126.468 3.896785e-05
1.482076 2458.6 0.1304006
1.482846 897.7332 0.6617721
1.486391 1496.631 0.6509533
1.488628 584.4138 0.5451484
1.499252 1424.813 0.7148669
1.505486 1052.737 0.5339791
1.50774 4594.424 0.1030304
1.512407 4751.346 3.896785e-05
1.516301 741.3261 0.9954382
1.517264 1427.726 0.2023521
1.523333 1129.166 0.4715662
1.528519 2597.417 3.896785e-05
1.538912 724.8287 0.9954382
1.551499 3846.614 0.1434528
1.558207 3147.701 0.179284
# initCovFnParam= 0.836575000620585 960.009302453723 0.650228035949227 4
