0.994969 1656.132 0.8181395
1.017472 1528.506 0.945221
1.024459 658.1923 0.9977191
1.065969 876.0113 0.6917744
1.066513 2849.314 0.8829084
1.066722 1806.141 0.8162305
1.080871 982.7318 0.9287306
1.086334 2923.881 0.4426733
1.087228 1951.528 0.8863426
1.088674 4360.53 1.948392e-05
1.09245 3598.909 0.03825621
1.09252 1812.035 0.9466175
1.092918 4422.589 0.9977191
1.0948 895.9582 0.980776
1.0948 908.5786 0.8068121
1.0948 960.2949 0.9382537
1.0948 963.6673 0.8806022
1.0948 1088.421 0.7599397
1.0948 1121.855 0.9168698
1.096697 3873.727 0.5060079
1.098569 1746.666 0.3029266
1.100975 3991.471 0.5341906
1.101731 2220.038 0.4744811
1.10482 2458.367 0.8509888
1.111676 1248.246 0.8365817
1.11915 3980.758 0.1183343
1.122015 1509.121 0.6854387
1.123659 1687.908 0.9173805
1.126327 5563.036 0.7543243
1.129104 1115.747 0.5096673
1.135174 3151.147 0.8302726
1.136726 1530.794 0.5064935
1.138395 1790.388 0.7184113
1.144038 5724.872 1.948392e-05
1.144264 1620.744 0.5912129
1.146648 1655.94 0.7558445
1.148147 5816.705 1.948392e-05
1.148782 1042.613 0.643359
1.150023 1281.318 0.5915946
1.1535 1914.98 0.7682287
1.155057 983.9344 0.7834524
1.155823 1723.616 0.7756115
1.162114 1196.042 0.3958505
1.162347 5370.134 0.1162406
1.163283 2414.366 0.2080645
1.164106 865.3534 0.467689
1.16562 2268.978 0.3441572
1.168379 1885.446 0.4608619
1.170526 1317.45 0.525633
1.171131 1503.552 0.683746
1.177717 1581.6 0.4946861
1.178037 1732.081 0.5967349
1.180477 1787.271 0.350068
1.181823 2157.698 0.5086018
1.183517 2163.643 0.289433
1.183745 839.8529 0.5588713
1.183801 4284.021 0.5026631
1.184355 4289.307 1.948392e-05
1.185463 1211.645 0.8996589
1.185501 1035.404 0.7452901
1.190072 2242.139 0.2568449
1.190343 746.0052 0.8481652
1.190981 839.7971 0.5782178
1.19289 769.0092 0.625145
1.193518 914.1418 0.6801416
1.197134 472.7743 0.800273
1.201517 635.1465 0.6790309
1.201679 963.1304 0.8884089
1.203514 6166.149 0.3338263
1.203642 1016.798 0.7333295
1.205228 1029.215 0.7244162
1.206097 830.0797 0.7607897
1.20796 1939.652 0.9173079
1.210356 1674.569 0.9262865
1.212904 2103.149 0.4650291
1.214711 885.4234 0.64486
1.217492 897.6825 0.5910568
1.218139 911.7617 0.6987872
1.218759 839.7456 0.4845658
1.220439 839.8095 0.5180009
1.223712 778.5903 0.938035
1.223847 1704.563 0.3072434
1.224284 1516.867 0.3377314
1.224666 948.1612 0.8074892
1.226542 5594.661 0.3490383
1.228191 1947.248 0.9166768
1.228473 5062.8 0.01154409
1.229281 1354.286 0.6124479
1.232061 1581.881 0.7722482
1.232868 3940.59 0.3881336
1.233654 4171.556 0.3190309
1.234146 974.7638 0.4487655
1.237787 937.7638 0.8092763
1.239467 755.882 0.7080973
1.240349 713.7193 0.4099794
1.241788 839.9146 0.4399176
1.24213 1795.262 0.5846038
1.243952 1090.777 0.7310779
1.244526 839.8712 0.4790002
1.245702 3906.45 0.6589891
1.246191 487.0659 0.7082224
1.246819 1030.541 0.5849619
1.24717 771.6969 0.8823699
1.248153 707.0219 0.6652566
1.248196 4458.726 0.1198168
1.249686 593.7344 0.745578
1.252319 4934.926 0.002216746
1.252478 1286.184 0.9092605
1.252861 1927.921 0.5320505
1.253638 1926.544 0.5012374
1.254805 1771.564 0.6326516
1.25515 908.2756 0.807798
1.255648 1309.492 0.9170034
1.258394 2162.504 0.892511
1.259026 1926.544 0.4447841
1.264837 1099.99 0.8233765
1.264887 556.3058 0.6868818
1.265784 1926.544 0.6001426
1.266809 984.173 0.8935178
1.267262 1926.544 0.304844
1.267279 861.5394 0.8567429
1.267814 556.3058 0.6846771
1.268439 811.0146 0.8241055
1.269245 732.5689 0.9131648
1.269886 1580.807 0.3138265
1.271564 1926.544 0.4987522
1.271698 1573.289 0.5851517
1.274223 537.3324 0.7119748
1.274695 1082.144 0.7828161
1.275246 2257.373 0.2164024
1.277557 1064.06 0.9744863
1.278676 965.0706 0.863983
1.281741 2108.842 0.5725993
1.282224 1640.412 0.9225418
1.282845 1163.054 0.5215946
1.28388 1282.934 0.6700097
1.284225 1167.76 0.9521651
1.286315 2149.721 0.2576744
1.28686 556.3058 0.7096919
1.286877 1811.586 0.468357
1.287326 1354.806 0.7017452
1.287828 556.3058 0.7258547
1.28795 1955.526 0.735346
1.288135 4100.96 0.2878282
1.28936 1073.648 0.8181837
1.291199 792.9905 0.6684816
1.29156 967.725 0.892932
1.292476 901.9456 0.8563012
1.293464 1038.708 0.6829104
1.295213 1926.544 0.4515764
1.296247 5111.319 0.4926265
1.302418 992.4737 0.6466421
1.30276 791.1724 0.8571427
1.306256 3098.491 0.9851875
1.307225 1339.367 0.5459263
1.307233 1931.082 0.7334829
1.308749 556.3058 0.6842932
1.310258 2257.854 0.4597434
1.312 742.9787 0.6542811
1.315199 806.964 0.6563641
1.315798 1989.027 0.1929
1.31687 1562.201 0.5732457
1.319109 741.0892 0.4353234
1.319123 744.8465 0.9539477
1.321857 589.0439 0.7612344
1.324804 2260.975 0.233406
1.324804 1731.329 0.9529866
1.327451 556.3058 0.6874434
1.329141 1876.323 0.4337803
1.331084 1421.424 0.784336
1.332615 1800.751 0.4878598
1.333849 2212.078 0.1508412
1.334987 863.9662 0.588084
1.336352 4328.696 0.4169686
1.339598 4110.357 0.2208604
1.343923 1332.706 0.7865098
1.344255 2045.788 0.8158534
1.344678 1277.427 0.3510725
1.346552 2030.594 0.3353717
1.347501 1243.125 0.7597636
1.35047 1642.635 0.7712106
1.353569 3689.824 0.7461021
1.35776 916.4194 0.9066495
1.357982 1008.62 0.8462
1.359909 1994.893 0.2950365
1.362226 965.958 0.5353992
1.365653 1426.476 0.6036616
1.365722 2823.169 0.7908124
1.36757 1293.099 0.8674119
1.370078 1244.732 0.9638749
1.378414 1936.389 0.356463
1.379977 2372.467 0.4324226
1.380606 1778.08 0.9455235
1.381088 1967.628 0.5556987
1.383005 3881.238 0.9133594
1.384353 1462.545 0.4654547
1.387125 1833.675 0.5895811
1.391836 1016.203 0.8160992
1.3931 1420.383 0.242442
1.396464 4892.1 0.6457571
1.404496 3246.352 1.948392e-05
1.405186 1216.431 0.6751204
1.40707 1783.831 0.4265595
1.410393 3499.179 1.948392e-05
1.411228 920.9058 0.8014595
1.415012 1161.073 0.9473592
1.416633 1571.174 0.5635146
1.417475 1463.61 0.8147768
1.418227 1372.889 0.8784336
1.419634 2117.552 1.948392e-05
1.420694 3351.846 0.3718806
1.421305 3253.341 0.007659198
1.421969 1468.024 0.4552129
1.421983 1698.689 0.5357829
1.425963 4578.094 1.948392e-05
1.429947 2026.818 0.5153852
1.43282 1683.547 0.4134017
1.434484 1504.476 0.6940314
1.435599 1783.391 0.4681403
1.438504 1857.103 0.8139028
1.442486 2351.019 0.7689489
1.443373 808.2219 0.4375286
1.452422 1184.686 0.4737228
1.454235 1417.588 0.2475425
1.454978 1166.273 0.8980904
1.458755 727.0004 0.6616224
1.458755 771.8116 0.6620911
1.458755 867.2657 0.6130554
1.458755 890.8846 0.5617509
1.458755 1034.4 0.56163
1.458755 1039.31 0.4922009
1.461974 933.6158 0.5741518
1.47331 1363.052 0.8410259
1.479217 3609.842 0.3229739
1.486005 1164.494 0.3373278
1.486417 2097.335 0.6606039
1.492606 2447.828 0.215872
1.49565 2112.253 0.2578495
1.500514 995.1349 0.9312136
1.508188 3503.195 1.948392e-05
1.513045 3133.339 0.5747
1.516248 1318.483 0.9662537
1.52068 4619.604 1.948392e-05
1.532835 1340.639 0.6491382
1.539742 4300.225 0.01257403
1.54077 3608.239 1.948392e-05
1.540846 1435.611 0.99318
1.552095 2359.526 0.07834863
1.566028 687.9801 0.9977191
1.570651 2962.013 1.948392e-05
# initCovFnParam= 0.887114362149446 919.585136074032 0.711874354590465 4
