## Mon Feb 21 23:31:36 2022; Sample: 1; # of loci: 11; NrunsPerPoint=30;
## pointmin=1  pointmax=100 out of PointNumber=100
0.9267736 1674.304 0.6147616 281.17535 389.94855 141.07974 572.46783 531.86719 360.74713 321.03171 269.42432 571.00708 368.72754 449.39008 4256.8662 
0.9268718 1553.715 0.5226563 281.15439 389.72101 141.00647 572.52142 531.79742 360.67273 321.07339 269.41013 571.33923 368.68878 449.75 4257.1348 
0.9271389 1899.543 0.6919259 281.26944 390.17776 141.11147 572.50958 532.05731 360.83475 321.01849 269.45142 570.84766 368.79321 449.13596 4257.207 
0.931615 1764.289 0.5746808 281.23346 389.87927 141.11942 572.36279 531.86316 360.75568 321.06985 269.44177 570.97925 368.69131 449.36743 4256.7637 
0.9408518 2036.135 0.6011294 281.43393 390.04004 141.26079 572.22021 531.90796 360.7251 321.1188 269.46289 570.79681 368.66458 449.18259 4256.814 
0.9430373 1703.804 0.4666198 281.27649 389.49219 141.20117 572.10498 531.60345 360.67297 321.22418 269.48474 571.11786 368.56226 449.74042 4256.4805 
0.9440007 1717.341 0.5254556 281.32144 389.77246 141.26985 572.11591 531.59778 360.66611 321.21353 269.49203 570.84564 368.63593 449.5126 4256.4434 
0.9448468 1736.088 0.5470171 281.31635 389.72726 141.32005 572.10461 531.64337 360.68341 321.21057 269.5145 570.7926 368.57129 449.37192 4256.2559 
0.946559 2184.647 0.6992011 281.49191 390.129 141.42137 572.09021 531.86469 360.784 321.11298 269.52762 570.45172 368.72006 448.91937 4256.5127 
0.9476038 2147.348 0.5900372 281.46155 389.98062 141.37929 572.10638 531.83411 360.78046 321.18658 269.48764 570.59845 368.63306 449.1572 4256.605 
0.9476038 2147.348 0.5900372 281.49115 390.02603 141.36473 572.10101 531.80444 360.76431 321.12991 269.4599 570.59271 368.63757 449.13989 4256.5117 
0.9488185 2109.436 0.6690397 281.48209 390.07697 141.44998 572.00427 531.76105 360.79538 321.08517 269.52435 570.44507 368.69122 448.89346 4256.209 
0.9544386 1727.573 0.4646032 281.33322 389.38519 141.40579 571.94122 531.45166 360.67075 321.28293 269.54022 570.78308 368.55423 449.57492 4255.9229 
0.9581338 2036.135 0.4772138 281.47668 389.60611 141.4458 571.82294 531.57147 360.61087 321.2764 269.53488 570.60272 368.54019 449.3544 4255.8428 
0.9605129 1932.283 0.5503918 281.55563 389.74182 141.57828 571.65063 531.37439 360.70413 321.21042 269.58871 570.38574 368.55212 449.06406 4255.4058 
0.9626658 2034.674 0.5976851 281.58203 389.86057 141.64445 571.7536 531.45923 360.72281 321.17813 269.55688 570.19971 368.61224 448.95654 4255.5264 
0.9628339 1826.381 0.439968 281.43024 389.34421 141.48857 571.70117 531.32758 360.64624 321.35516 269.56412 570.63062 368.47247 449.54227 4255.5029 
0.9631395 2285.016 0.6079509 281.6348 389.92398 141.62781 571.69977 531.60706 360.72385 321.23575 269.56979 570.24585 368.6015 448.87451 4255.7451 
0.9652034 2145.497 0.6138912 281.63641 389.8851 141.68404 571.59283 531.45636 360.73563 321.19827 269.58688 570.11609 368.56808 448.83456 4255.2944 
0.9677556 2148.284 0.526366 281.60699 389.67969 141.65421 571.58148 531.49646 360.69168 321.32645 269.5939 570.27191 368.5582 449.03964 4255.501 
0.9678635 2204.046 0.5058506 281.67099 389.66821 141.63333 571.5813 531.42401 360.6384 321.27167 269.57962 570.30286 368.51141 449.04034 4255.3223 
0.9678635 2204.046 0.5058506 281.59811 389.72128 141.63554 571.61963 531.48096 360.67966 321.28894 269.55621 570.35327 368.47324 449.1001 4255.5068 
0.9688073 1899.125 0.4979131 281.56958 389.483 141.65019 571.56781 531.24622 360.64777 321.28403 269.58212 570.31024 368.48502 449.22729 4255.0532 
0.9708474 2323.662 0.6521665 281.73819 389.96661 141.78787 571.52118 531.48755 360.73578 321.21249 269.61359 569.95648 368.62546 448.74557 4255.3906 
0.9724353 1839.316 0.4152418 281.52438 389.22629 141.62386 571.5672 531.20642 360.6228 321.43344 269.5708 570.51349 368.39871 449.61292 4255.3003 
0.9732586 1930.931 0.4513037 281.56885 389.42191 141.70027 571.5531 531.17657 360.58447 321.33005 269.5946 570.35266 368.45633 449.30359 4255.042 
0.9733288 2036.135 0.3902852 281.52841 389.30557 141.62712 571.50769 531.18665 360.61581 321.38992 269.60056 570.55005 368.43057 449.54428 4255.2866 
0.9741498 1910.876 0.4296182 281.54037 389.31894 141.67448 571.46014 531.19818 360.58777 321.36758 269.60165 570.45575 368.42902 449.43671 4255.0703 
0.9746275 2109.758 0.5337997 281.71237 389.65811 141.80281 571.47589 531.29034 360.66562 321.26712 269.61707 570.13629 368.522 448.9346 4255.082 
0.9749293 2095.298 0.5014148 281.64465 389.56686 141.74957 571.44006 531.22058 360.65482 321.2807 269.6236 570.14484 368.49197 449.05234 4254.8701 
0.9751663 2183.693 0.5472427 281.72711 389.7265 141.80757 571.44812 531.33044 360.68677 321.30276 269.59067 569.99951 368.48849 448.91898 4255.0269 
0.9760327 2036.135 0.4009509 281.55026 389.30838 141.68387 571.37897 531.2099 360.57507 321.38065 269.59204 570.48157 368.42575 449.46326 4255.0498 
0.9760327 2036.135 0.4009509 281.56848 389.30945 141.67099 571.49261 531.1803 360.5383 321.40982 269.59528 570.48688 368.36133 449.43573 4255.0488 
0.9767576 2157.072 0.524565 281.7052 389.6424 141.80556 571.44232 531.32495 360.64648 321.29861 269.61499 570.07953 368.52194 448.96109 4255.043 
0.9789931 2192.097 0.5291612 281.74219 389.65353 141.85361 571.41333 531.26422 360.64737 321.34982 269.64426 570.02185 368.49301 448.93448 4255.0176 
0.9791636 2176.223 0.5527062 281.75089 389.72736 141.85854 571.36987 531.27008 360.66394 321.3316 269.62912 569.99597 368.48718 448.84982 4254.9341 
0.9806485 2224.68 0.5370646 281.7529 389.6351 141.89476 571.33063 531.23676 360.65717 321.33499 269.65613 569.92908 368.50995 448.84164 4254.7793 
0.9807969 2036.135 0.4795295 281.66995 389.44327 141.84947 571.24506 531.11652 360.59698 321.34344 269.65701 570.06207 368.46207 449.06509 4254.5107 
0.9808615 2339.651 0.562631 281.79907 389.77081 141.90935 571.34991 531.28339 360.68451 321.32129 269.66183 569.84656 368.49927 448.77505 4254.9014 
0.9819268 2427.851 0.5682954 281.81204 389.79684 141.92091 571.32361 531.32825 360.69077 321.34583 269.65323 569.86908 368.51984 448.74374 4255.0044 
0.9823109 2346.36 0.59401 281.8421 389.85431 141.9455 571.24591 531.21893 360.6915 321.29501 269.65448 569.81909 368.52176 448.72986 4254.8184 
0.9853663 2233.47 0.5314126 281.79803 389.65292 141.95718 571.15717 531.11963 360.66705 321.35703 269.65182 569.84076 368.48111 448.83142 4254.5142 
0.9853827 2036.135 0.3740947 281.63409 389.11038 141.81071 571.3067 531.07031 360.55267 321.46902 269.6084 570.34698 368.33182 449.42334 4254.6641 
0.9853827 2036.135 0.3740947 281.58661 389.16492 141.80629 571.31653 530.98792 360.57074 321.47925 269.64792 570.39673 368.34058 449.43536 4254.7329 
0.9872108 2168.828 0.473776 281.75912 389.47485 141.91368 571.15833 531.13556 360.62292 321.34836 269.65598 569.89618 368.41324 448.95996 4254.3384 
0.9892315 2212.969 0.4805508 281.80136 389.49844 141.98479 571.10156 531.05151 360.61218 321.3703 269.6554 569.88324 368.40433 448.92383 4254.2871 
0.9900341 2147.928 0.3609392 281.7413 389.15753 141.8421 571.16516 531.07977 360.58621 321.49023 269.66675 570.30103 368.33212 449.36694 4254.729 
0.9911792 2364.461 0.4260625 281.78601 389.39233 141.96777 571.13477 531.12744 360.61536 321.46423 269.69141 570.05701 368.32202 449.03961 4254.5981 
0.9918563 2232.564 0.5026442 281.86411 389.56 142.04491 571.12128 531.05658 360.63101 321.39227 269.69232 569.81042 368.43384 448.86017 4254.4673 
0.9936602 2227.337 0.4894423 281.84039 389.52719 142.05475 571.0614 531.03949 360.60226 321.42615 269.70288 569.83002 368.40143 448.81995 4254.3062 
0.9937142 2100.19 0.4605725 281.8262 389.34644 142.04489 571.01361 530.93359 360.59753 321.42007 269.67984 569.85608 368.38416 448.99133 4254.0938 
0.9957129 2134.245 0.4188032 281.84265 389.2879 142.0197 570.98737 530.84326 360.57977 321.44592 269.70218 570.01447 368.33777 449.09573 4254.1567 
0.9968666 2203.019 0.498564 281.8884 389.49777 142.1138 570.89178 530.9165 360.6174 321.40735 269.71283 569.73431 368.46603 448.81656 4254.063 
1.001439 2008.412 0.33985 281.75858 388.91168 141.9819 570.94708 530.71869 360.5228 321.56329 269.7149 570.21155 368.26135 449.49683 4254.0889 
1.001439 2008.412 0.33985 281.76648 388.97131 142.01791 570.90375 530.789 360.51279 321.52719 269.71259 570.21692 368.28702 449.47479 4254.1797 
1.002095 2297.791 0.4394926 281.92429 389.42407 142.14948 570.89807 530.92206 360.55188 321.49142 269.73361 569.7486 368.2934 448.87784 4254.0151 
1.004237 2144.598 0.3532148 281.80835 389.05307 142.09036 570.7323 530.68402 360.54117 321.56912 269.74719 569.99976 368.31049 449.26123 4253.7969 
1.005092 2052.129 0.3175666 281.76001 388.75839 142.03227 570.91083 530.67737 360.46838 321.6308 269.73514 570.21411 368.2424 449.47018 4253.8999 
1.005092 2261.052 0.4806608 281.99554 389.42703 142.2442 570.76837 530.77441 360.58804 321.45401 269.72806 569.54742 368.39188 448.73672 4253.6558 
1.005092 2261.807 0.4787778 281.95673 389.35962 142.23323 570.78687 530.77936 360.61832 321.45593 269.77066 569.58405 368.3501 448.74234 4253.6372 
1.005092 2307.726 0.5011839 281.98776 389.50186 142.25037 570.77423 530.8822 360.60767 321.42685 269.76569 569.4801 368.44165 448.68277 4253.8008 
1.005092 2319.871 0.5091667 282.00485 389.45502 142.27695 570.78656 530.81244 360.60538 321.44489 269.7417 569.4928 368.354 448.70547 4253.6802 
1.005092 2450.873 0.5064279 282.01501 389.56787 142.26006 570.79657 530.86096 360.64499 321.44025 269.77475 569.48163 368.38242 448.66504 4253.8896 
1.008714 2147.985 0.3717711 281.88553 389.08389 142.17744 570.83038 530.6286 360.51743 321.55634 269.75473 569.94806 368.26385 449.17203 4253.8184 
1.010489 2214.585 0.3617903 281.8981 388.99683 142.20052 570.7699 530.66833 360.5051 321.61435 269.78622 569.8045 368.26422 449.17639 4253.6841 
1.010489 2214.585 0.3617903 281.90198 389.00967 142.19795 570.716 530.71582 360.52826 321.58795 269.76144 569.88452 368.24554 449.19022 4253.7393 
1.011558 2442.296 0.4138686 282.00436 389.32379 142.28378 570.6723 530.76196 360.57852 321.55234 269.77399 569.61969 368.30191 448.85297 4253.7256 
1.012499 2411.311 0.5075574 282.0816 389.48813 142.39445 570.60968 530.74872 360.62018 321.48553 269.79208 569.34991 368.40518 448.58817 4253.5635 
1.012554 2372.821 0.4389591 282.02734 389.34354 142.30708 570.64612 530.75104 360.54446 321.5119 269.78952 569.5462 368.32352 448.79218 4253.5825 
1.020563 2392.298 0.3443953 282.02194 389.08435 142.35968 570.50317 530.58929 360.50879 321.60092 269.84436 569.66101 368.20029 449.03873 4253.4126 
1.022145 2190.665 0.2677093 281.95663 388.6644 142.25394 570.52924 530.46088 360.49597 321.72629 269.77853 570.03839 368.19775 449.54395 4253.6465 
1.026937 2424.748 0.4338142 282.22125 389.30872 142.56593 570.23065 530.43433 360.53845 321.58685 269.8591 569.18542 368.34055 448.68195 4252.9531 
1.030285 2277.88 0.2598684 282.04303 388.57013 142.3745 570.37714 530.30536 360.41644 321.77661 269.85007 569.94489 368.14001 449.49835 4253.2969 
1.031991 2227.528 0.304186 282.05807 388.65659 142.50401 570.26343 530.24628 360.47784 321.78293 269.85098 569.63922 368.14078 449.233 4252.8535 
1.037188 2508.195 0.3892135 282.24506 389.12018 142.66594 570.13184 530.34137 360.54803 321.63898 269.88824 569.17395 368.24347 448.67633 4252.6733 
1.039796 2461.422 0.3076136 282.20773 388.88065 142.60905 570.06299 530.20868 360.4722 321.74121 269.9256 569.37756 368.15952 449.01627 4252.6616 
1.039796 2461.422 0.3076136 282.21396 388.87497 142.61217 570.07812 530.22235 360.50391 321.77902 269.88541 569.40417 368.19385 448.94949 4252.7178 
1.040002 2282.276 0.2741114 282.10672 388.67627 142.57706 570.21252 530.19958 360.41626 321.82269 269.9024 569.59241 368.16064 449.23672 4252.9033 
1.040015 2484.41 0.2662208 282.14786 388.65271 142.58253 570.18756 530.29297 360.44601 321.79388 269.95383 569.58759 368.14316 449.25763 4253.0459 
1.041431 2270.696 0.2765045 282.13113 388.68857 142.62213 570.16321 530.12189 360.41217 321.83124 269.9158 569.46307 368.13138 449.22879 4252.7095 
1.043942 2317.57 0.2731567 282.142 388.7352 142.61279 570.08417 530.07129 360.44058 321.78094 269.94427 569.45898 368.12128 449.16205 4252.5537 
1.051584 2541.441 0.2495097 282.24649 388.64343 142.77206 569.85754 529.99658 360.45969 321.90759 269.96918 569.38892 368.07407 449.12982 4252.4453 
1.05667 2534.092 0.2831466 282.35098 388.73129 142.89703 569.72247 530.04285 360.48505 321.87277 269.97833 569.1665 368.09467 448.95169 4252.2939 
1.060383 2549.155 0.2994809 282.37637 388.80444 142.94844 569.69513 529.92358 360.48871 321.83997 269.97995 569.01813 368.13 448.81851 4252.0229 
1.076653 2599.126 0.228904 282.53122 388.48828 143.11855 569.39459 529.58514 360.40741 322.06161 270.09848 569.08374 367.96527 448.99918 4251.7334 
1.080512 2574.51 0.1992591 282.50507 388.32791 143.13083 569.35028 529.54425 360.39359 322.02588 270.12964 569.01715 368.00269 449.15576 4251.583 
1.080556 2530.715 0.1818911 282.49356 388.24539 143.12903 569.51343 529.56641 360.38513 322.10046 270.15338 569.29297 367.93243 449.259 4252.0713 
1.080556 2530.715 0.1818911 282.45544 388.13773 143.11093 569.55682 529.57373 360.41254 322.10367 270.15295 569.17419 367.97714 449.26132 4251.9165 
1.085054 2610.462 0.1884696 282.51184 388.2175 143.18002 569.34656 529.50769 360.45456 322.06699 270.15308 569.05591 368.02316 449.19107 4251.7085 
1.086744 2650.212 0.2001095 282.56229 388.36365 143.25815 569.22791 529.50427 360.32028 322.10144 270.15036 568.79681 368.06076 449.02286 4251.3687 
1.096452 2653.647 0.1745048 282.56366 388.22363 143.38103 569.13879 529.40753 360.37833 322.19241 270.16986 568.84766 367.97769 449.14673 4251.4277 
1.099422 2763.953 0.1849318 282.68204 388.24698 143.45081 569.08264 529.32965 360.38559 322.16312 270.22736 568.74408 367.99622 448.95135 4251.2593 
1.107954 2770.408 0.1450026 282.70795 388.12653 143.53709 568.9007 529.1153 360.43719 322.26846 270.24521 568.724 367.98227 449.09229 4251.1367 
1.113017 2866.011 0.1726746 282.87558 388.26389 143.68613 568.78577 529.13647 360.4028 322.22675 270.30243 568.55255 367.90656 448.90237 4251.0415 
1.115455 2837.959 0.1749456 282.86115 388.32983 143.701 568.85498 529.11151 360.40179 322.23932 270.2944 568.5025 367.9888 448.92191 4251.207 
1.124306 2812.541 0.08992814 282.83444 387.94022 143.66597 568.70312 529.04962 360.34946 322.44696 270.3862 568.81067 367.89117 449.36578 4251.4434 
1.132051 3009.107 0.1485163 283.11697 388.16086 143.96547 568.44714 528.8786 360.41302 322.34619 270.39615 568.27332 367.92212 448.7677 4250.688 
1.13233 2847.266 0.07980615 282.87128 387.84851 143.82809 568.70068 528.96014 360.31763 322.51666 270.38031 568.69788 367.92331 449.32602 4251.3706 
1.13233 2847.266 0.07980615 282.82037 387.81439 143.82581 568.53265 528.81012 360.29504 322.44809 270.39667 568.80365 367.82086 449.27731 4250.8447 
1.139061 2840.895 0.1112955 282.99069 387.91907 143.99124 568.36957 528.79333 360.38724 322.47696 270.4191 568.44312 367.85434 449.1004 4250.7451 
1.139578 2931.946 0.07980615 282.9787 387.88116 143.95749 568.52502 528.73346 360.41937 322.44272 270.43463 568.49475 367.87958 449.26642 4251.0132 
1.147882 2912.091 0.07980615 283.09192 387.88351 144.07678 568.3316 528.68445 360.39236 322.534 270.46994 568.46802 367.89725 449.19427 4251.0239 
1.151235 2945.305 0.07980615 283.09436 387.79709 144.10866 568.42059 528.5329 360.3942 322.58856 270.48578 568.21906 367.87558 449.23346 4250.7505 
1.160497 2921.393 0.07980615 283.17831 387.65796 144.25076 568.13934 528.42371 360.38904 322.6268 270.49173 568.2547 367.90982 449.03659 4250.3584 
1.161452 2925.754 0.07980615 283.11029 387.78381 144.30055 568.04663 528.33307 360.3949 322.59518 270.56564 568.17389 367.75507 449.05777 4250.1167 
1.168321 3154.936 0.07980615 283.28494 387.85767 144.43185 568.0603 528.38135 360.3364 322.60971 270.60101 567.93787 367.9501 448.84036 4250.2915 
1.189856 3254.405 0.07980615 283.57614 387.82706 144.76538 567.43378 528.15247 360.35593 322.70911 270.70557 567.57581 367.89655 448.67612 4249.6738 
1.200812 3290.258 0.07980615 283.70465 387.8826 144.92491 567.36212 528.03284 360.42114 322.82455 270.80112 567.34088 367.87857 448.6297 4249.8027 
1.201331 3246.916 0.07980615 283.64969 387.91037 144.96956 567.41046 527.95752 360.37741 322.84732 270.81122 567.40741 367.91013 448.69147 4249.9429 
1.201331 3246.916 0.07980615 283.62686 387.82358 144.92635 567.36804 528.02167 360.40094 322.80286 270.81192 567.44928 367.88187 448.64465 4249.7578 
