0.7278241 9558.302 8.92019e-05
0.7449736 4327.539 8.92019e-05
0.7450118 3624.661 0.4857771
0.7483495 4542.796 0.06178764
0.7485023 5686.01 8.92019e-05
0.7489066 5795.516 8.92019e-05
0.7501863 3525.524 0.2795053
0.7506351 10187.38 8.92019e-05
0.7700475 5005.668 8.92019e-05
0.7704997 5766.721 0.3514845
0.7732139 9119.521 8.92019e-05
0.7807095 8985.004 0.1330488
0.7827254 5814.307 0.3820278
0.7835087 3538.13 0.4147384
0.7836876 4405.989 0.3303696
0.7852065 10701.72 8.92019e-05
0.7852584 5763.301 8.92019e-05
0.789017 3387.817 0.6143292
0.790314 4485.24 0.314063
0.7913405 4245.342 0.1359406
0.8000353 2438.869 0.02086216
0.8018825 9780.486 8.92019e-05
0.8046135 7289.053 8.92019e-05
0.8053266 8550.241 0.03643452
0.8063042 6493.454 0.1883042
0.809454 9410.761 0.1804175
0.8108577 4333.586 0.543984
0.8131633 4468.29 0.1945278
0.8134575 3723.199 0.1930254
0.8167506 5478.753 0.0457578
0.8202601 2924.662 0.2350713
0.8202601 2965.745 0.3329977
0.8202601 3370.077 0.231246
0.8202601 3972.272 0.249628
0.8202601 6062.974 0.04191397
0.8202601 6754.946 0.02503324
0.8220974 6434.452 0.423447
0.8228884 3624.884 0.03562834
0.8241373 1453.892 0.545097
0.8248257 6283.578 0.01932881
0.8249797 2264.824 0.5299117
0.8261241 2183.922 0.4664999
0.8265361 1892.39 0.5186148
0.82701 5734.316 0.3330813
0.8274304 3838.431 0.6510499
0.8277314 6501.834 0.3795548
0.8302316 4977.825 0.5545437
0.8303529 8374.741 0.2143678
0.8313155 2270.263 0.4151793
0.8334427 9540.862 0.05427509
0.8334971 3878.373 0.2788489
0.8392553 4788.665 8.92019e-05
0.8444121 8345.218 0.3345726
0.8461898 1507.091 0.8061693
0.847569 6416.531 0.1209858
0.8521403 6599.398 0.05807387
0.8526082 2538.301 0.04657968
0.8526853 2652.847 0.2361781
0.8544796 4064.139 0.689224
0.8550306 7419.224 0.1213721
0.8590725 3837.998 0.5766076
0.8605509 6521.84 8.92019e-05
0.861501 4991.318 0.2077596
0.8619396 6299.982 8.92019e-05
0.8633279 9172.629 0.2290756
0.8642979 4392.529 0.09524277
0.866585 6593.603 0.2790085
0.8669558 7490.731 0.2307289
0.8691626 7030.831 0.3844771
0.8693707 6593.425 0.05872153
0.8714954 6597.025 0.05392199
0.8779925 4734.166 0.3031995
0.8791844 3205.071 0.5105287
0.8802622 5173.252 0.5979218
0.8811794 6022.705 0.4687679
0.8823811 6611.897 0.02301887
0.8840387 8425.476 0.09736886
0.8889769 942.2798 0.6836832
0.8889901 6608.9 0.02286774
0.892431 7752.995 0.1219499
0.8926137 10335.33 0.05320526
0.8932873 2089.558 0.2783119
0.8941982 3250.603 0.5014849
0.8948159 8975.819 0.1636932
0.8954626 2911.986 0.5348228
0.8970186 1954.28 0.8660223
0.8981276 6843.587 0.1929067
0.8982478 5820.785 8.92019e-05
0.8994933 4823.611 0.1840494
0.9021311 6976.12 0.05020329
0.9032206 3026.542 0.3306582
0.9061149 4370.039 0.1767576
0.9075846 3619.436 0.5844582
0.9100266 5324.423 0.1127444
0.9107544 4677.384 0.1348115
0.9139649 5764.917 0.009091587
0.9153943 8072.608 0.353288
0.9154763 4833.597 0.08695939
0.9182722 6596.514 0.02005072
0.9184563 4802.157 0.0975708
0.9206508 6331.097 8.92019e-05
0.9223727 4802.648 0.2402028
0.9232095 664.9304 0.8315844
0.926526 8117.284 0.1932816
0.9280479 3702.211 0.3458742
0.9284938 4742.181 0.1236387
0.9285425 7022.322 0.2468743
0.929026 4477.966 0.1360712
0.9291122 3422.884 0.1620328
0.9292327 1747.618 0.592221
0.9292845 4066.701 0.264026
0.9324889 952.1681 0.9024895
0.9354562 4809.41 0.1740121
0.9358574 3002.52 0.2798829
0.9360646 3908.247 0.1648925
0.9376309 4121.934 0.2766176
0.9381245 5112.057 0.1837818
0.9385717 5836.137 0.09952064
0.9386581 3385.39 0.3490322
0.939744 6432.578 0.007914519
0.9399865 3634.547 0.6248025
0.9407737 2327.837 0.6281457
0.9413958 7413.058 0.004067545
0.9427073 5023.501 0.08828667
0.9434642 7970.991 0.2010625
0.9436115 3277.048 0.1942354
0.9456892 1982.407 0.64481
0.9461608 3348.72 0.3240291
0.9465528 1988.404 0.6832387
0.9466733 4931.095 0.1081698
0.9469805 4091.749 0.2206738
0.9476175 2646.191 0.3180816
0.9487729 5152.392 0.2125435
0.9490688 952.1681 0.9508404
0.9508345 952.1681 0.9400182
0.9510495 952.1681 0.9256503
0.9512538 2411.736 0.8204394
0.9517479 6570.445 0.08651892
0.9530818 3682.057 0.2447943
0.9532078 952.1681 0.9292235
0.9554822 4538.244 0.408414
0.9562349 3789.107 0.2241131
0.9573728 2957.805 0.4346485
0.9590989 1702.736 0.9023347
0.9604026 5664.536 0.03607817
0.9608562 9049.489 0.04961574
0.9615659 2069.486 0.2281111
0.9615664 1278.799 0.7555061
0.9623597 5206.071 0.3128317
0.9640956 5515.699 0.1417719
0.9679433 1577.563 0.5600335
0.9682843 10152.32 8.92019e-05
0.9701916 8307.808 0.2185331
0.9711035 952.1681 0.935491
0.9714691 5915.379 0.3513099
0.971967 5874.829 0.1483627
0.9723874 4634.285 0.2728027
0.9730264 2130.916 0.7323114
0.9741032 6473.198 0.1207069
0.9742093 6861.256 8.92019e-05
0.9754067 7157.622 0.0271681
0.9770239 3920.696 0.4698845
0.97924 8454.706 0.2987752
0.9815561 1035.107 0.5821293
0.9829992 2243.212 0.5379132
0.9924773 5724.189 0.06440962
0.9935254 2585.096 0.8127366
0.9965722 5611.684 8.92019e-05
0.9966599 7245.397 8.92019e-05
1.000861 4479.763 0.2045226
1.001499 4983.05 0.5989751
1.002514 8055.421 0.2570583
1.00489 7890.759 8.92019e-05
1.00832 6288.757 0.2214121
1.009489 2432.043 0.6329428
1.011753 7742.004 0.1191018
1.019932 9143.733 0.06636394
1.02276 2217.839 0.8342149
1.023651 7310.717 8.92019e-05
1.026734 7957.567 0.1447944
1.030543 5560.677 0.09213113
1.031535 8809.48 0.1755336
1.034593 3205.702 0.367927
1.034787 2914.016 0.7230945
1.035124 6419.776 0.1209669
1.036409 7711.981 0.1224219
1.043014 6492.702 0.388719
1.04467 9410.306 0.06020654
1.047549 5172.071 0.1223961
1.050703 1560.22 0.3775505
1.054741 9010.612 0.01694224
1.058774 8834.844 8.92019e-05
1.061442 10002.14 0.05301903
1.06312 4202.445 0.3677181
1.066251 6731.561 0.03642998
1.066806 9526.892 0.2015401
1.068763 3774.484 0.6928541
1.069813 2841.534 0.3968786
1.069813 3064.811 0.2817833
1.069813 3225.692 0.2863065
1.069813 3534.759 0.305136
1.069813 3982.479 0.1958953
1.069813 4172.755 0.183279
1.073129 6606.941 8.92019e-05
1.074532 6006.162 0.4497692
1.077918 7719.466 0.1788986
1.078849 2721.385 0.5657938
1.078937 3176.771 0.1937831
1.079016 2300.935 0.7259954
1.080218 3697.424 0.3661273
1.080246 5743.025 0.1950038
1.080651 4767.418 0.005051668
1.08068 5320.086 0.09108007
1.081869 2652.331 0.7357979
1.08725 6148.781 8.92019e-05
1.087835 11079.56 0.05308717
1.09342 3670.021 0.1719454
1.096499 3701.696 0.2994645
1.097363 2261.038 0.1605188
1.097515 5226.58 0.392609
1.098812 8321.838 8.92019e-05
1.099458 1772.269 0.8292191
1.099763 1494.402 0.8028742
1.102771 7711.955 8.92019e-05
1.104954 2169.901 0.2854296
1.105784 3037.189 0.7620316
1.106 3518.914 0.2480138
1.111625 5333.862 0.283624
1.113151 2209.573 0.7169162
1.120066 3526.903 0.183247
1.121306 3119.651 0.6700238
1.122494 3352.256 0.7643358
1.124337 6004.604 0.5064257
1.12779 3907.413 8.92019e-05
1.131021 7890.919 0.07215291
1.131824 1012.392 0.9008372
1.131848 3750.397 0.3036859
1.134799 2154.158 0.3808514
1.135892 2946.97 0.623302
1.144613 4819.147 0.2339718
1.146757 2050.169 0.3181714
1.155771 3808.56 0.1402897
1.156779 8433.732 0.235434
1.158816 2346.207 0.3090611
1.16535 3507.249 0.461226
1.166168 1945.575 0.5095914
1.16617 6346.508 0.2231828
1.166832 8133.493 8.92019e-05
1.184825 4242.827 0.2466472
1.191642 4966.775 8.92019e-05
# initCovFnParam= 0.627393552665471 1763.39448575071 0.760296611545056 4
