0.7546236 1798.536 0.6318165
0.7582885 2565.709 0.4761869
0.762946 6181.955 0.2197175
0.7681025 7128.468 4.460095e-05
0.7710675 4541.46 4.460095e-05
0.7736246 3707.542 0.07975361
0.7737432 4331.87 0.321957
0.7855404 8208.083 0.05526305
0.7954449 6132.896 0.3122706
0.7984665 3282.361 0.08764758
0.8001599 2005.226 0.5644177
0.801268 3963.079 0.1525292
0.8097511 4961.958 4.460095e-05
0.8111148 2662.132 0.5735853
0.8120887 9835.084 0.03303635
0.8173151 5254.658 0.5660362
0.8173446 1887.018 0.2643142
0.8184855 2986.249 0.2116475
0.8200314 6720.74 0.03198846
0.8200314 7357.295 0.002684348
0.8200314 7493.869 0.005410072
0.8200314 8366.152 0.01084878
0.8200314 8854.073 0.003340537
0.8200314 9306.398 0.001739686
0.8208855 2455.678 0.3806755
0.8221673 1953.973 0.6169266
0.822206 2713.58 0.08109597
0.8235684 3709.082 0.0348119
0.8277686 1756.051 0.8159396
0.830923 10270.22 0.1494747
0.8322009 7510.651 0.2043813
0.83287 10316.08 4.460095e-05
0.8337628 7562.207 4.460095e-05
0.8348922 5755.315 0.02706003
0.8349705 6941.134 0.3993402
0.8375491 6306.94 4.460095e-05
0.8393554 1345.663 0.8368097
0.8393873 9861.587 0.0426217
0.8451702 5652.191 0.03139439
0.8453092 5626.174 0.2806963
0.8477375 3140.556 0.3904963
0.8481511 8966.995 4.460095e-05
0.8488001 947.6586 0.6061348
0.8498747 4076.597 0.6809753
0.8508571 10405.61 4.460095e-05
0.853759 6215.704 0.01170064
0.8560162 3281.633 0.3428833
0.8584556 1866.027 0.3703726
0.8584677 8651.796 4.460095e-05
0.8623533 2380.634 0.3690955
0.8624703 5094.991 0.4155078
0.8625292 3362.08 0.1892214
0.8632831 6617.19 4.460095e-05
0.8637108 6449.245 0.1410097
0.8657013 8224.233 0.106139
0.8686805 3132.504 0.5123545
0.8692788 7261.635 0.4308463
0.8737889 9949.569 0.001435793
0.8763878 3738.257 0.4191877
0.8799228 7001.333 0.2269813
0.881128 6807.595 0.4150468
0.8827668 2722.823 0.4284246
0.8862547 6857.467 0.4471819
0.8863398 3072.243 0.1735481
0.8899067 3551.076 0.5385535
0.8899425 3828.009 0.4082279
0.8899963 1861.547 0.702606
0.8902887 4889.908 0.4723397
0.8908795 7033.706 0.4477574
0.892987 947.6586 0.7762625
0.8937998 10016.66 0.008256677
0.8952762 5055.97 0.110097
0.8967659 4696.934 0.06883528
0.8969457 5906.536 0.4054898
0.8993035 8021.428 0.03737672
0.9011703 1249.264 0.7702985
0.9018229 947.6586 0.7641041
0.9026299 8308.917 0.06974748
0.9034358 8099.461 0.02061533
0.9054035 9038.811 0.06001095
0.9063311 3216.852 0.6112982
0.9064378 7471.436 4.460095e-05
0.9076262 6665.448 0.0590747
0.908121 7128.708 0.4419525
0.9096813 6604.943 0.1918712
0.9114667 3253.257 0.2854064
0.9121953 8229.374 0.326347
0.9123646 6053.431 4.460095e-05
0.9126076 2161.556 0.3163846
0.9146274 3896.776 0.3708942
0.9152062 6574.944 0.002410142
0.9155965 1296.428 0.6040716
0.9159351 3093.83 0.07805327
0.9163281 8322.416 0.03105334
0.9175761 947.6586 0.7728831
0.9176764 1396.682 0.4778288
0.9183938 8080.449 0.05159684
0.9189478 3723.092 0.05604638
0.9190991 5725.132 0.3986476
0.9203498 5125.572 0.1139368
0.9218482 6576.102 0.00252634
0.9221626 6574.179 0.002382092
0.9228233 8131.554 0.2714673
0.9228661 4924.855 0.3276779
0.9235192 2832.764 0.1515653
0.9239878 8019.965 0.004813504
0.9240483 3012.405 0.3329103
0.9242683 6593.856 0.002855746
0.9268789 7854.846 0.1042511
0.9281064 6378.679 0.07526631
0.9290495 6577.003 0.06721968
0.9307107 8932.014 0.0005660483
0.9317409 8237.394 0.182526
0.9326168 12731.1 4.460095e-05
0.9359498 4915.6 0.3023456
0.9384904 6594.833 0.003062266
0.9395485 6588.723 0.002797781
0.9403231 4717.936 0.02977383
0.9406395 7599.927 0.04565425
0.9407196 2072.576 0.8276574
0.9412763 2278.604 0.5273955
0.9417967 8934.76 0.04141716
0.9435737 5603.857 0.1009323
0.9437679 6583.411 0.05993772
0.9441671 9622.14 0.008932646
0.9445611 1081.744 0.8685039
0.9463517 2794.019 0.482101
0.9481767 4799.913 0.2918831
0.9489479 3527.603 0.6637334
0.9494352 10217.88 0.0543341
0.9500561 8952.026 0.1091351
0.9513515 2840.414 0.5577664
0.9522598 12285.43 0.03212675
0.9535478 5487.572 4.460095e-05
0.954022 7455.644 0.2845687
0.9555605 6605.98 0.06193355
0.9572304 11368.41 4.460095e-05
0.9587854 2893.591 0.8001794
0.9590514 9045.571 0.00333486
0.9600998 9510.681 0.01412727
0.9603493 7479.788 0.004950743
0.9620281 2365.468 0.2512254
0.9621036 10326.77 0.01414452
0.962892 6030.09 0.1066378
0.9635152 10524.68 0.0226761
0.9658512 3189.353 0.1627808
0.9674512 4232.16 0.2040151
0.9688469 3467.477 0.5757545
0.9693218 4834.615 0.07520768
0.9706892 8467.309 0.003622239
0.9715505 3570.313 0.1804104
0.9735763 7485.933 0.07543366
0.9736461 7488.318 0.01621027
0.9751869 8056.233 0.007045547
0.9765963 879.2152 0.5627418
0.9777438 1148.749 0.8577131
0.9783359 1438.529 0.6433788
0.9800227 4194.298 0.1806179
0.9800838 5692.087 0.4449729
0.9811129 2540.261 0.6106623
0.9824149 6526.412 0.4691841
0.9831378 8346.244 0.2837928
0.9836061 3081.264 0.4671552
0.9869532 7445.934 4.460095e-05
0.9874351 5853.879 0.05998
0.9876956 1424.554 0.3036396
0.9888539 8425.481 4.460095e-05
0.99198 2640.51 0.2179881
0.9924029 3408.028 0.3224683
0.9933638 2071.859 0.322148
0.9957268 4759.124 0.617257
1.000086 7403.135 0.3782834
1.00227 1471.871 0.3209923
1.002773 4362.164 0.1063205
1.003725 4217.918 0.1557569
1.003833 8009.114 4.460095e-05
1.004118 5023.024 0.2447319
1.005011 935.348 0.6769418
1.009859 8854.679 0.06979574
1.010429 4599.249 0.6245594
1.010493 4113.218 0.5647852
1.010761 3953.2 0.4242679
1.012229 6649.192 0.3078872
1.013602 8469.872 4.460095e-05
1.016131 6341.733 4.460095e-05
1.016482 3514.977 0.6235285
1.020273 3684.339 0.03061155
1.020795 7213.259 4.460095e-05
1.021812 6302.125 4.460095e-05
1.025424 2044.382 0.2983901
1.02723 2803.614 0.4892027
1.031206 4919.869 0.5229665
1.032899 1941.296 0.318974
1.033799 1617.609 0.7632174
1.034808 3710.891 0.3115495
1.038991 8607.758 0.1428823
1.040581 6495.424 4.460095e-05
1.043845 1628.168 0.4874658
1.04438 4789.757 0.4238505
1.047401 7842.391 0.113017
1.048476 11183.67 0.07820078
1.049988 3580.373 0.1202836
1.050757 9726.847 0.02353286
1.050831 4619.227 0.6529508
1.051318 6709.138 0.2966913
1.052194 5396.477 4.460095e-05
1.055045 1367.564 0.9202596
1.056098 947.6586 0.7902417
1.059082 4128.684 0.1263699
1.062597 2375.133 0.6358781
1.062731 3797.425 0.2192273
1.06488 5056.306 4.460095e-05
1.065485 8950.428 0.1069235
1.069691 5018.043 0.06112342
1.069848 6993.081 0.06412866
1.069848 7208.72 0.001588188
1.069848 7337.698 0.0238586
1.069848 7991.824 0.01603503
1.069848 9536.358 0.014643
1.069848 9916.102 0.01375298
1.071046 5953.91 0.2374001
1.072284 6521.805 0.1713253
1.076074 2743.524 0.5556138
1.076876 5157.701 0.4251286
1.077683 7725.178 0.03339121
1.082028 5016.645 0.4520099
1.082362 947.6586 0.8575254
1.084303 1977.709 0.09221041
1.08909 8026.985 4.460095e-05
1.089464 6414.481 0.4613962
1.096321 6069.973 0.2292224
1.103554 12391.27 4.460095e-05
1.107486 3589.548 0.366711
1.109949 8625.044 4.460095e-05
1.109984 10981.9 4.460095e-05
1.116747 3085.459 4.460095e-05
1.117582 6782.702 0.03650156
1.117894 6541.994 0.1060521
1.12742 7239.667 0.2326456
1.132925 9699.53 0.09267059
1.135215 7843.261 4.460095e-05
1.137811 3308.195 0.1095072
1.140801 4515.813 0.6305432
1.150735 4921.647 0.02100045
1.155514 6927.715 0.181162
1.165269 4316.535 0.5832028
1.167024 3546.103 0.5944329
1.171975 6941.189 0.1596119
1.178806 4990.058 4.460095e-05
1.179546 4837.106 0.4841394
# initCovFnParam= 0.61328046710945 1847.65637119368 0.717914237850281 4
