## Wed Feb 23 00:12:30 2022; Sample: 1; # of loci: 11; NrunsPerPoint=30;
## pointmin=1  pointmax=100 out of PointNumber=100
0.7776132 1544.049 0.8897315 195.62549 263.04266 92.844498 371.08511 450.57477 280.99924 204.39917 191.69521 446.09756 306.17484 324.64691 3127.1858 
0.8191674 1284.494 0.6240404 196.069 262.89462 93.664253 371.24667 448.32104 280.8783 205.17995 192.15691 443.88196 306.33945 324.83795 3125.4697 
0.828237 1349.846 0.7100094 196.22813 262.86356 93.820587 370.78751 448.48676 280.87167 205.25946 192.22446 444.03271 306.08176 324.51169 3125.1682 
0.8352511 1990.518 0.38973 196.41266 263.12439 93.98719 370.69424 447.98837 280.69809 205.25323 192.16974 443.22906 306.36612 324.39938 3124.3225 
0.8373713 1613.872 0.5709481 196.41924 262.90717 93.9692 370.60129 448.2749 280.80942 205.30627 192.25455 443.52084 306.08075 324.36859 3124.5122 
0.8373713 1636.337 0.5558901 196.38805 263.00006 93.978836 370.55637 448.168 280.73621 205.31931 192.19867 443.58609 306.12473 324.34445 3124.4009 
0.8373713 1667.591 0.4940255 196.44881 263.00281 93.99752 370.62326 448.09116 280.74008 205.36206 192.22768 443.27975 306.23526 324.39325 3124.4019 
0.8373713 1681.353 0.4959911 196.41354 263.05798 94.004883 370.67987 448.10596 280.72076 205.35649 192.24329 443.32394 306.23917 324.42169 3124.5674 
0.8373713 1684.029 0.5347069 196.41313 262.94357 93.98513 370.62955 448.20587 280.69333 205.31215 192.29181 443.33646 306.24625 324.32779 3124.3853 
0.8373713 1734.142 0.4921066 196.4518 262.948 93.972549 370.65604 448.06961 280.75439 205.30864 192.27461 443.43735 306.19537 324.40363 3124.4717 
0.8373713 1734.142 0.4921066 196.44321 262.98813 93.987831 370.65076 448.09915 280.74039 205.32735 192.29616 443.42288 306.19797 324.37961 3124.5334 
0.8403937 1964.366 0.3610968 196.49675 263.13684 94.104904 370.73145 447.92566 280.76877 205.41869 192.27263 442.84808 306.42212 324.358 3124.4839 
0.842417 1619.703 0.5113611 196.46777 262.94608 94.097473 370.68588 447.89886 280.73141 205.41505 192.29204 443.15131 306.19528 324.41962 3124.301 
0.8427282 1134.804 0.727552 196.38092 262.81586 94.116188 371.01688 447.90283 280.91745 205.59721 192.43878 443.58984 306.03677 324.64014 3125.4529 
0.8451643 1176.208 0.627042 196.35413 262.91809 94.183151 371.02133 447.65442 280.93329 205.56653 192.44215 443.27618 306.15146 324.70929 3125.21 
0.8473574 1193.784 0.9426874 196.59518 262.89581 94.147324 370.33865 448.47565 280.77039 205.27754 192.38602 444.08481 305.69214 324.15698 3124.8206 
0.8486687 1783.729 0.467661 196.62608 263.01904 94.203262 370.50613 447.8616 280.69043 205.4897 192.38004 443.21936 306.14645 324.25885 3124.4009 
0.8574028 1435.132 0.5248991 196.66124 262.94174 94.382683 370.69525 447.388 280.7995 205.68646 192.48952 442.71371 306.20895 324.42432 3124.3914 
0.8578444 1464.455 0.6696436 196.69252 262.88287 94.334999 370.26907 447.80014 280.67737 205.55144 192.44156 443.36145 305.89566 324.20078 3124.1077 
0.8598144 820.1607 0.5141301 196.4442 263.19507 94.598152 372.69604 446.52515 281.49582 206.46082 192.98338 442.0029 306.94669 325.88406 3129.2324 
0.8605519 1676.567 0.5811258 196.73491 262.86096 94.397285 370.10358 447.85553 280.67459 205.5345 192.45146 443.14944 305.93329 324.11752 3123.813 
0.8605519 1676.567 0.5811258 196.75337 262.85568 94.413261 370.116 447.68143 280.6329 205.53127 192.50708 443.08575 305.97711 324.12369 3123.6775 
0.8676751 1327.295 0.6131584 196.79112 262.88501 94.55616 370.36975 447.284 280.76056 205.82855 192.6824 442.90753 306.02261 324.38168 3124.4692 
0.8695761 1282.73 0.8068391 196.87468 262.84695 94.566078 370.19409 447.77896 280.70636 205.6976 192.61696 443.29849 305.72134 324.13733 3124.439 
0.8710439 1860.179 0.4810969 196.93811 262.96259 94.610832 370.06927 447.3187 280.60172 205.70876 192.57678 442.58749 306.07886 324.0054 3123.4583 
0.8711755 2346.521 0.5014433 197.07556 262.98093 94.588165 369.56647 447.87845 280.47946 205.53459 192.54765 443.12186 305.87469 323.73969 3123.3877 
0.871851 1210.84 0.9051732 196.94708 262.90176 94.617516 370.03836 447.82843 280.73495 205.58771 192.62286 443.51077 305.59286 324.09497 3124.4773 
0.8751679 1185.291 0.7563643 196.85715 262.77094 94.665627 370.31995 447.22784 280.72766 205.8607 192.65839 442.93185 305.79559 324.25912 3124.075 
0.8763276 979.9917 0.7402632 196.78166 262.82291 94.714821 370.92349 446.85886 280.93515 206.03569 192.78946 442.81232 305.89856 324.68201 3125.2549 
0.8785425 1547.571 0.6942006 197.08321 262.85968 94.718399 369.84641 447.51129 280.64941 205.70021 192.68719 442.987 305.6951 323.93002 3123.668 
0.878865 1075.429 0.6277923 196.81883 262.89987 94.779411 370.91977 446.81256 280.80719 206.10181 192.84755 442.229 306.03668 324.69183 3124.9446 
0.8825335 2478.773 0.4688305 197.25999 262.98038 94.812027 369.43689 447.59283 280.44635 205.6835 192.62105 442.73331 305.81299 323.64185 3123.021 
0.8825335 2478.773 0.4688305 197.26361 262.94931 94.816185 369.46182 447.6358 280.44745 205.72887 192.65842 442.83002 305.78497 323.68362 3123.26 
0.8831799 1179.691 0.5701215 196.93172 262.91736 94.853325 370.75146 446.64206 280.83844 206.11163 192.85391 441.96616 306.09677 324.56723 3124.5298 
0.8854709 1910.645 0.6645125 197.2364 262.82837 94.833199 369.43625 447.62732 280.48343 205.76445 192.70152 442.97855 305.63858 323.68246 3123.2104 
0.8859621 1886.235 0.5660047 197.20445 262.83469 94.861511 369.63898 447.26227 280.50919 205.81134 192.70045 442.55673 305.77988 323.75577 3122.915 
0.8861078 1047.263 0.817103 196.98949 262.80609 94.895737 370.30756 446.91678 280.72568 206.03683 192.83548 442.82364 305.71301 324.26239 3124.3127 
0.8872145 1047.263 0.814932 197.04037 262.8172 94.928627 370.38321 446.97327 280.77713 206.06145 192.82103 442.64328 305.62256 324.30133 3124.3694 
0.8879124 1047.263 0.8318385 197.07315 262.86823 94.945717 370.27332 447.00519 280.76993 206.04004 192.8761 442.74292 305.65128 324.30869 3124.5544 
0.8883512 1047.263 0.8059388 197.04675 262.79822 94.914856 370.35013 446.89767 280.78867 206.06273 192.85512 442.70197 305.76419 324.35287 3124.5332 
0.8887299 1047.263 0.7922635 197.06062 262.81479 94.940895 370.30069 447.01968 280.80011 206.13393 192.9304 442.59891 305.7706 324.3959 3124.7664 
0.8890834 1841.671 0.5137184 197.28015 262.9274 94.933746 369.78967 447.06116 280.53409 205.91927 192.77077 442.2998 305.86151 323.86502 3123.2427 
0.8892145 1047.263 0.7869525 197.10156 262.77008 94.957825 370.31689 446.75519 280.75372 206.17599 192.90297 442.50076 305.7081 324.39148 3124.3345 
0.8892145 1047.263 0.7869525 197.03638 262.82538 94.968948 370.4191 446.75708 280.76392 206.1082 192.88986 442.54828 305.66534 324.38342 3124.3657 
0.8912423 1627.387 0.6202361 197.22054 262.81329 94.95874 369.80118 447.1048 280.54913 205.88414 192.81525 442.43213 305.72043 323.82956 3123.1292 
0.8929206 1219.188 0.6247337 197.16307 262.8306 95.037254 370.36182 446.54712 280.73721 206.17685 192.93874 442.20731 305.88742 324.28909 3124.1765 
0.8954797 1872.841 0.6304216 197.36264 262.84583 95.032188 369.40924 447.23532 280.49393 205.90652 192.81502 442.63806 305.62949 323.65506 3123.0232 
0.8987395 2128.755 0.5833422 197.48657 262.90622 95.091606 369.26907 447.32486 280.46811 205.92953 192.86154 442.62152 305.61658 323.58963 3123.1653 
0.9010522 1603.272 0.459121 197.39203 262.96121 95.205551 370.09332 446.29041 280.63632 206.16518 192.94302 441.58722 305.99637 324.10773 3123.3782 
0.9048367 1469.071 0.8004303 197.51025 262.7652 95.203064 369.427 447.09671 280.56787 206.05356 192.96657 442.58423 305.45029 323.74759 3123.3723 
0.9064898 1188.771 0.7654765 197.36487 262.81161 95.257202 369.91333 446.68311 280.733 206.27522 193.05354 442.31714 305.56604 324.07565 3124.0508 
0.9107535 2044.077 0.6474619 197.69014 262.79938 95.298241 369.0799 447.09564 280.40347 206.05304 192.95396 442.5788 305.48965 323.44455 3122.8867 
0.9110876 1715.25 0.6028215 197.58038 262.81711 95.32724 369.50464 446.70367 280.52255 206.15948 192.98158 442.07089 305.67584 323.72791 3123.0713 
0.9119735 1244.757 0.8115616 197.56325 262.83517 95.328957 369.71231 446.67822 280.65045 206.21677 193.0406 442.42133 305.51053 323.87167 3123.8291 
0.9119735 1244.757 0.8115616 197.50693 262.80585 95.342522 369.70844 446.65051 280.61499 206.21312 193.04552 442.37686 305.46225 323.88705 3123.6138 
0.9225529 2965.129 0.2855318 197.95044 263.07965 95.585091 369.16327 446.31607 280.39691 206.2052 193.05394 441.43036 305.8559 323.40625 3122.4431 
0.929878 2149.326 0.5682015 197.99968 262.8584 95.672188 368.98532 446.63702 280.43481 206.31633 193.14023 441.9928 305.51443 323.37253 3122.9236 
0.9305049 2357.429 0.3407291 197.98819 263.10345 95.754265 369.3273 446.11362 280.48605 206.45813 193.18292 441.0936 305.84003 323.55707 3122.9048 
0.9305778 2278.819 0.3789675 197.97786 263.017 95.731346 369.27399 446.21698 280.42841 206.3972 193.17117 441.27936 305.82657 323.4639 3122.7837 
0.9320438 1735.896 0.7700113 197.99442 262.84964 95.703926 368.85114 446.64401 280.49142 206.35672 193.2148 442.19916 305.33102 323.42688 3123.063 
0.935346 2149.588 0.6252385 198.07011 262.9151 95.760895 368.79236 446.65814 280.36597 206.375 193.23653 442.05914 305.40897 323.33044 3122.9727 
0.9363651 1536.1 0.5396858 197.91324 262.83551 95.852119 369.51605 445.73785 280.52472 206.66753 193.30385 441.12277 305.71051 323.82687 3123.011 
0.9384355 2441.707 0.406893 198.14238 262.99783 95.861267 369.0289 446.21851 280.36444 206.47777 193.26375 441.39032 305.67242 323.4231 3122.8406 
0.9387349 2433.92 0.3939824 198.17041 262.99139 95.883171 368.98718 446.18411 280.35046 206.49446 193.22281 441.27841 305.66254 323.3808 3122.606 
0.9423068 1927.197 0.4270236 198.13274 262.95248 95.944153 369.2926 445.79514 280.5029 206.63255 193.33226 440.95203 305.76437 323.63864 3122.9397 
0.9423068 1927.197 0.4270236 198.13696 262.97421 95.949753 369.25586 445.75818 280.48181 206.69392 193.34317 441.05978 305.67044 323.57986 3122.9041 
0.9431152 2406.276 0.328923 198.2 263.10489 95.990334 369.15234 445.79297 280.47839 206.5997 193.32111 440.89886 305.79404 323.45468 3122.7871 
0.9431366 1867.017 0.4565052 198.12344 262.95435 95.95462 369.31268 445.76196 280.49686 206.62041 193.32097 441.04456 305.68121 323.60938 3122.8804 
0.9443616 1522.849 0.5223058 198.12938 262.92935 95.972549 369.43494 445.68622 280.51733 206.80429 193.43672 440.98923 305.7016 323.74802 3123.3496 
0.946218 2424.33 0.3219203 198.27928 263.06885 96.043831 369.17587 445.82495 280.44565 206.67018 193.35812 440.80692 305.802 323.41489 3122.8904 
0.9471362 1892.478 0.5740649 198.22142 262.8511 96.00631 368.93155 446.03647 280.41898 206.65837 193.36949 441.39691 305.47461 323.3887 3122.7539 
0.951996 2554.052 0.4050926 198.41634 262.97211 96.106316 368.75552 445.97922 280.36414 206.63168 193.35095 441.27826 305.59457 323.27768 3122.7266 
0.953117 2297.193 0.3149337 198.38361 263.06076 96.188751 369.2236 445.32465 280.39786 206.7542 193.44965 440.56415 305.88181 323.44205 3122.6711 
0.9532232 2065.6 0.3139474 198.30692 263.09961 96.192467 369.48596 445.26138 280.54752 206.89821 193.43231 440.21216 305.94901 323.64777 3123.0332 
0.9589274 1781.029 0.4286857 198.3907 262.98776 96.261345 369.27863 445.35187 280.59711 206.95718 193.52083 440.65112 305.76718 323.65149 3123.415 
0.95958 2513.659 0.3134422 198.48349 263.12405 96.311623 368.98987 445.535 280.37234 206.81995 193.51842 440.58276 305.72501 323.33374 3122.7964 
0.95958 2513.659 0.3134422 198.46986 263.12982 96.286583 368.94592 445.50412 280.40091 206.7605 193.48206 440.51208 305.73895 323.31613 3122.5469 
0.9613841 2386.906 0.2875595 198.52888 263.1506 96.343781 369.19739 445.29477 280.44315 206.92953 193.52724 440.19687 305.86298 323.48438 3122.9597 
0.9634835 1759.464 0.4658798 198.46985 262.94595 96.331276 369.12912 445.30365 280.43958 207.03229 193.56323 440.6203 305.65976 323.56192 3123.0571 
0.967427 2912.89 0.4274783 198.68352 263.0087 96.383331 368.38672 446.00659 280.31918 206.75368 193.53638 441.15894 305.4061 323.0563 3122.6995 
0.9687911 2453.385 0.2857248 198.64148 263.15134 96.477524 369.16418 445.11832 280.44348 207.01231 193.57668 440.15662 305.85971 323.45224 3123.054 
0.9688343 1773.805 0.646075 198.5849 262.86169 96.397995 368.7189 445.74664 280.42606 206.93044 193.60677 441.17957 305.31772 323.33939 3123.1096 
0.9705928 2133.62 0.4749918 198.62849 262.96652 96.465469 368.70193 445.55002 280.43497 206.92085 193.6217 440.78088 305.51373 323.32138 3122.9058 
0.9728509 1956.546 0.4566988 198.63724 262.97223 96.515465 368.91278 445.25623 280.44495 207.09081 193.6774 440.50333 305.52649 323.44748 3122.9846 
0.9733132 2213.614 0.6895834 198.70732 262.90356 96.449318 368.33539 446.13516 280.33932 206.87663 193.65367 441.47083 305.21347 323.08856 3123.1731 
0.9745791 2106.343 0.3645741 198.67525 263.11664 96.572212 369.05905 445.09024 280.43576 207.12653 193.6731 440.19666 305.71851 323.43787 3123.1016 
0.9813548 2455.094 0.291458 198.85324 263.19803 96.696594 368.88467 444.95374 280.36395 207.17622 193.75368 439.98291 305.72183 323.32465 3122.9097 
0.9813548 2455.094 0.291458 198.88768 263.14621 96.703033 368.95169 444.97437 280.36353 207.15697 193.74608 440.02295 305.79391 323.37576 3123.1221 
0.9912228 2424.888 0.2571585 199.00005 263.19214 96.93454 369.08456 444.65012 280.52203 207.34268 193.9019 439.66412 305.86743 323.3616 3123.5212 
0.9942448 2895.625 0.3515236 199.16745 263.09238 96.90728 368.36139 445.27426 280.31155 207.23203 193.82841 440.41623 305.49872 323.02863 3123.1184 
0.9952914 2259.947 0.5810906 199.09283 262.94479 96.876251 368.26965 445.50668 280.31558 207.23613 193.87804 440.84116 305.27112 323.01154 3123.2434 
1.000378 2542.728 0.2203929 199.17873 263.22476 97.122803 369.05017 444.33316 280.43359 207.55611 194.00551 439.38269 305.9451 323.40588 3123.6387 
1.000819 2503.728 0.2332345 199.2233 263.25912 97.105804 368.92786 444.44727 280.45227 207.51547 194.00488 439.42642 305.87402 323.37167 3123.6082 
1.004628 2532.613 0.4395957 199.26073 263.00912 97.080826 368.28232 444.9964 280.31561 207.36963 193.97026 440.36588 305.40213 323.05582 3123.1089 
1.005481 2364.691 0.5089042 199.27043 263.00848 97.097198 368.22906 445.18607 280.32852 207.37268 193.97672 440.54166 305.31906 323.02774 3123.3579 
1.01506 2406.551 0.5047784 199.44186 262.99902 97.259048 368.11792 445.02771 280.37888 207.48701 194.11543 440.36542 305.26871 322.94659 3123.4077 
1.015332 2551.968 0.2174705 199.46262 263.29422 97.389084 368.85587 444.10406 280.4545 207.73958 194.16132 439.07217 305.8576 323.35513 3123.7466 
1.018192 2995.253 0.3992212 199.59674 263.05225 97.329964 368.00806 445.08798 280.29041 207.5117 194.09496 440.186 305.32361 322.89374 3123.3752 
1.018192 2995.253 0.3992212 199.57164 263.0665 97.335472 367.995 445.01489 280.25803 207.54092 194.14429 440.24805 305.36337 322.86636 3123.4045 
1.030489 2584.53 0.1826855 199.70746 263.33902 97.679413 368.8613 443.64575 280.56046 208.0392 194.35139 438.71722 305.94839 323.39841 3124.248 
1.037716 2192.673 0.3257084 199.77805 263.19174 97.730675 368.55359 443.86142 280.4335 208.04294 194.39671 439.11319 305.57443 323.32693 3124.0032 
1.045383 2367.977 0.8322227 200.05025 263.05405 97.797691 367.50165 445.18585 280.36981 207.84679 194.47787 440.77966 304.93158 322.69138 3124.6865 
1.048341 2676.08 0.2574968 200.05905 263.27539 97.968697 368.32425 443.9256 280.43298 208.1324 194.54784 438.89825 305.61362 323.09329 3124.2712 
1.058183 2631.063 0.2703382 200.17128 263.25854 98.150368 368.30322 443.68808 280.42581 208.27414 194.6577 438.74844 305.58679 323.06549 3124.3301 
1.058183 2639.211 0.2817037 200.20239 263.26355 98.140045 368.1644 443.57953 280.39285 208.30399 194.65451 438.85522 305.56934 323.06189 3124.1875 
1.058183 2640.081 0.280517 200.24669 263.27182 98.113052 368.20746 443.7019 280.41147 208.27055 194.64256 438.8299 305.58557 322.98788 3124.2686 
1.058183 2648.987 0.2957549 200.21039 263.23743 98.11496 368.13925 443.67667 280.34918 208.22044 194.67268 438.88391 305.53015 322.96185 3123.9971 
1.058183 2653.116 0.3002801 200.24171 263.23376 98.12619 368.17349 443.78583 280.42255 208.26027 194.63029 438.85968 305.44965 323.01498 3124.1985 
1.058183 2656.144 0.3034227 200.19936 263.24951 98.124962 368.10406 443.7868 280.44769 208.23332 194.64383 438.97653 305.50537 322.97116 3124.2427 
1.058183 2656.144 0.3034227 200.23232 263.23465 98.128036 368.10373 443.74854 280.38168 208.21266 194.63054 439.0155 305.48792 322.99158 3124.167 
