1.523322 4000.148 0.9979339
1.537923 3903.924 0.9975606
1.540072 3546.447 0.4602787
1.543371 2608.043 0.9241409
1.546939 3977.457 0.6917531
1.559879 915.757 0.9707025
1.5612 5217.922 0.994316
1.567407 937.6696 0.976007
1.580407 3927.499 0.4290856
1.5907 6480.193 0.9440123
1.607316 6115.436 0.9979339
1.608646 3153.672 0.9582221
1.611147 8590.608 0.9979339
1.613027 4082.627 0.9979339
1.619907 7701.419 0.52475
1.630736 8046.252 0.395358
1.631835 4731.777 0.3907357
1.638577 2217.821 0.8684582
1.645758 6865.95 0.7727436
1.646745 6328.839 0.8260449
1.653412 6733.317 0.9970686
1.659197 2318.93 0.9826835
1.661215 4209.111 0.8840582
1.668438 6691.9 0.9124993
1.669793 6270.123 0.6795125
1.672289 2774.395 0.8465542
1.673603 7248.586 0.3615737
1.681195 3743.827 0.9831352
1.682734 7202.362 0.9296261
1.684311 5255.662 0.9953489
1.68484 2688.998 0.9910375
1.687613 9518.75 0.9132762
1.698785 5026.768 0.8869743
1.70162 5010.375 0.8295868
1.710078 3233.347 0.9914365
1.710103 2815.644 0.9283097
1.710439 4616.945 0.973907
1.719204 5477.215 0.8125203
1.725821 3583.819 0.834301
1.726114 2938.217 0.9118676
1.727145 5265.854 0.9945045
1.728145 5489.448 0.9893543
1.731953 6474.156 0.9979339
1.736112 7097.96 0.7249524
1.736426 4473.724 0.9853305
1.736587 4137.117 0.9752287
1.739056 5291.797 0.9578442
1.740755 9540.862 0.945131
1.742068 892.7753 0.9453148
1.747015 9974.372 0.7238334
1.749348 1191.534 0.9393028
1.754139 2945.56 0.9890909
1.755101 6750.552 0.9979339
1.756054 9314.959 0.2352562
1.763821 3476.869 0.9612582
1.77153 8123.34 0.9632914
1.772956 9071.79 0.9415525
1.777528 10229.63 0.7617546
1.779057 4008.481 0.8471077
1.780587 7072.768 0.1420889
1.786202 4855.489 0.9252238
1.786853 5708.969 0.3183596
1.800512 3738.249 0.9487863
1.808384 9467.104 0.9927127
1.810335 4754.391 0.7979158
1.810928 4526.337 0.9979339
1.813014 6869.437 0.8971231
1.814502 2827.638 0.8188925
1.81738 7236.152 0.9618126
1.81924 4866.463 0.9884514
1.822022 2203.301 0.9889622
1.829079 4306.603 0.9570715
1.837434 5124.389 0.3462189
1.840742 6636.424 0.5972264
1.843006 10049.83 0.9702846
1.844234 3812.767 0.9952593
1.846191 8333.037 0.9606251
1.846668 6519.002 0.8469202
1.850173 7646.833 0.7317596
1.851735 3253.723 0.9779902
1.852181 6136.586 0.9958983
1.86511 3811.707 0.9436911
1.869523 5916.057 0.9969771
1.873394 3330.46 0.6651208
1.878888 8016.886 0.7796947
1.884104 2098.871 0.9704742
1.885255 9273.399 0.4249224
1.898307 3782.59 0.8979569
1.904277 767.9197 0.7804203
1.916635 4637.928 0.9951541
1.917002 7855.053 0.9897621
1.918422 5705.913 0.9785933
1.918456 6287.548 0.9294484
1.923831 4458.035 0.9638311
1.932202 5667.029 0.9639541
1.936144 1448.782 0.3531951
1.938408 1012.559 0.9278313
1.944959 2205.259 0.9420049
1.946706 1092.502 0.8710678
1.950131 8474.792 0.8859848
1.951016 1353.176 0.8951777
1.95557 1311.646 0.6045579
1.957142 1749.994 0.5501873
1.959003 5228.862 0.994258
1.961693 7214.032 0.7070928
1.965788 8535.099 0.8657635
1.972887 5656.391 0.9948964
1.978372 5152.472 0.8927283
1.979091 1834.709 0.5328992
1.979794 1513.124 0.3106031
1.980533 1214.923 0.9564466
1.983474 3685.555 0.9249838
1.984062 2333.778 0.1028953
1.985211 3594.62 0.9869086
1.994464 5852.543 0.7975339
1.996161 1892.964 0.6365528
1.997366 3827.332 0.934921
1.999393 2118.176 0.651472
2.000546 6816.947 0.9834834
2.002139 3342.072 0.9675524
2.002708 1361.198 0.9380904
2.004591 8820.859 0.8412548
2.007039 1630.374 0.4808126
2.007177 9634.942 0.9755351
2.007945 600.9723 0.8819321
2.009423 1887.651 0.3604701
2.011497 5244.881 0.989423
2.012103 1503.593 0.7674233
2.018406 1278.298 0.8870557
2.01948 1632.297 0.3985036
2.020073 8165.961 0.9945668
2.020667 1632.872 0.3624844
2.020843 618.5722 0.7549666
2.023877 1528.047 0.747843
2.024077 1258.496 0.8207391
2.026172 7064.055 0.9501606
2.02761 1632.353 0.3996815
2.03089 1533.459 0.8844867
2.031268 1865.111 0.1742093
2.032902 2808.576 0.9658008
2.03369 1204.398 0.9462497
2.034087 2302.862 0.2114744
2.035139 6160.503 0.3199047
2.035181 7039.764 0.3340453
2.049161 5556.57 0.9924389
2.05096 1909.563 0.9045407
2.052271 4352.411 0.9710988
2.057561 1632.645 0.4438649
2.061528 3958.333 0.5765495
2.062895 1549.067 0.7546841
2.063351 1632.552 0.4557558
2.06428 3533.339 0.6878464
2.064994 7001.433 0.9699172
2.068026 8718.651 0.991196
2.068263 1812.912 0.2917685
2.072365 4784.531 0.873519
2.073175 4158.543 0.9116753
2.074689 1382.812 0.7867726
2.077225 1252.393 0.8764806
2.080952 1680.079 0.5356436
2.085279 7943.281 0.8699833
2.08598 1044.804 0.4643399
2.086257 5136.555 0.9970774
2.087714 9697.375 0.6396892
2.096172 2895.715 0.9724667
2.097371 2074.103 0.1605702
2.099118 2083.843 0.9144499
2.102197 7951.541 0.9958036
2.102963 1665.852 0.2935815
2.10472 7775.299 0.9460368
2.110989 5409.133 0.981733
2.111814 6670.692 0.7842044
2.114144 8151.948 0.7168027
2.115636 1919.138 0.3989075
2.117822 4389.819 0.8365591
2.120562 8434.167 0.8632035
2.122171 3745.387 0.8849282
2.126313 2412.749 0.3271043
2.132621 9045.572 0.9857634
2.132769 5178.59 0.9539138
2.136415 2924.956 0.6951951
2.140666 9105.651 0.9913373
2.149065 5901.859 0.9927924
2.153818 7081.193 0.9909518
2.160321 9394.236 0.9653613
2.171559 4366.406 0.980066
2.179338 6789.012 0.05853855
2.180157 5800.079 0.553566
2.181088 3511.635 0.8276838
2.184215 9605.087 0.8583695
2.186628 5977.26 0.0648889
2.189058 2241.588 0.6241708
2.189135 8933.419 0.9570421
2.203303 2409.346 0.2887165
2.208868 5573.695 0.9233668
2.211787 8528.82 0.8528289
2.213613 976.0895 0.5816661
2.216197 3028.807 0.4360741
2.235118 5694.341 0.9066173
2.236767 4786.431 0.9150603
2.240944 6465.139 0.2365608
2.242064 3470.805 0.154246
2.242758 2966.422 0.8530441
2.248753 4352.852 0.9808145
2.256978 5428.626 0.9979339
2.271565 6410.465 0.9730435
2.272517 6473.302 0.7412272
2.279128 7178.908 0.6003648
2.283502 2644.672 0.943632
2.284736 6297.19 0.9520557
2.286289 7953.54 0.2396138
2.286458 9630.411 0.91111
2.289235 6348.515 0.987237
2.295943 2563.623 0.982052
2.29722 5391.398 0.9773165
2.297255 2678.971 0.505946
2.303169 5464.037 0.9979339
2.303281 5100.795 0.507141
2.319346 2861.985 0.8424495
2.323005 8027.566 0.8004382
2.324462 5262.395 0.4447417
2.326794 8559.971 0.001080796
2.344204 9071.681 0.9711899
2.348183 2359.505 0.6960925
2.3651 2417.032 0.001080796
2.369603 8499.92 0.9979339
2.374009 4916.359 0.9188668
2.375823 9614.168 0.9923099
2.380633 9621.12 0.994984
2.385222 1404.925 0.9460408
2.399514 9380.013 0.9944306
2.402174 2792.943 0.02560951
2.404188 9544.772 0.9523814
2.410129 489.0421 0.929262
2.414439 4540.023 0.8916338
2.418559 3825.638 0.8377784
2.429579 9646.252 0.8239348
2.436533 5823.651 0.9468627
2.437873 9070.336 0.001080796
2.442556 5660.309 0.9907525
2.458837 5249.56 0.9542867
2.478021 5771.911 0.9393983
2.479785 6575.654 0.7544189
2.503009 3000.183 0.4037266
2.524329 5405.57 0.7297827
2.533957 8769.111 0.9281275
2.550676 5024.245 0.8403362
2.552749 9762.876 0.001080796
2.58337 2414.012 0.001080796
2.607409 9104.174 0.001080796
# initCovFnParam= 1.91596375275484 1283.764943486 6.19811453449193 4
