1.779351 3590.816 0.4321552
1.812897 4196.765 0.7780226
1.837793 1434.999 4.4269e-06
1.838446 1056.858 0.2618299
1.83985 1390.581 0.5959366
1.843563 5922.083 4.4269e-06
1.848904 7858.799 4.4269e-06
1.863468 5836.26 0.007516629
1.876271 4042.562 0.139729
1.882906 2286.729 0.6480827
1.884477 1259.546 0.8141173
1.890327 1349.917 0.6734656
1.895252 5141.704 0.4530445
1.895275 2454.326 0.3622271
1.901044 4973.162 0.8473499
1.905379 2277.771 0.521288
1.911825 1723.108 0.4283794
1.922543 5504.223 0.09651141
1.925099 4903.865 0.06321062
1.92739 6601.974 0.6435073
1.933818 8776.846 0.3771675
1.954388 1520.732 0.5553633
1.954388 2005.381 0.2202695
1.954388 2062.576 0.2289269
1.954388 2147.067 0.3645553
1.954388 2265.102 0.3152481
1.954388 2348.886 0.2187142
1.954781 7341.623 0.2121685
1.959 2657.893 0.1482687
1.966345 10456.11 0.9916224
1.971722 3320.833 0.1619631
1.981533 6119.618 0.343146
1.988558 9678.562 0.1715119
1.990154 11285.6 4.4269e-06
1.992012 3509.127 0.8742347
1.995957 9075.378 0.6260119
1.997858 2404.626 0.4778324
1.998822 8812.268 0.05560445
2.003832 2334.487 0.6856843
2.008039 3273.837 0.4219185
2.009757 5427.987 0.6804297
2.012086 7421.721 0.2875829
2.018854 3598.518 0.6987224
2.034104 3963.612 0.4633204
2.038171 6618.257 0.7309252
2.039568 3995.026 0.349411
2.041639 2843.681 0.2638573
2.043364 5374.236 0.1455847
2.043473 6621.121 0.04349308
2.044173 7523.386 0.9516314
2.069949 5646.957 0.6065145
2.070437 1100.551 0.6106931
2.073995 7653.413 0.4418477
2.077162 5690.234 0.215506
2.077176 8395.658 0.3638804
2.088469 7666.07 0.5101026
2.088992 3704.991 0.309596
2.091926 9875.783 0.133827
2.093974 4650.324 0.4552831
2.095574 9629.466 0.7530501
2.104827 1783.514 0.7724841
2.110097 3637.108 4.4269e-06
2.110253 7539.496 0.01295813
2.12534 2786.088 0.6991313
2.129816 5611.66 0.9172111
2.133202 2331.907 0.2041314
2.136413 2054.196 0.4014249
2.137769 5376.337 0.2206718
2.145008 1879.681 0.1744011
2.146701 6472.355 0.7922828
2.147388 3850.229 0.2333746
2.149609 4656.778 0.4725965
2.15536 2202.604 0.2977287
2.157631 4904.838 0.5835332
2.160189 6550.114 0.4973963
2.161157 3958.713 0.1069938
2.161686 1153.653 0.4552873
2.167553 1761.047 0.3957359
2.171735 1232.008 0.4697241
2.176004 2428.858 0.2958273
2.176071 1513.004 0.545133
2.177917 9718.18 0.5218976
2.180601 9764.05 0.04234917
2.184445 2032.62 0.4918182
2.187136 9764.05 0.07028336
2.193264 5658.058 4.4269e-06
2.193695 2728.584 0.06156732
2.19646 1642.606 0.5785668
2.196972 3747.865 0.5193067
2.198234 2140.369 0.2586961
2.199607 1598.12 0.4707773
2.2024 6585.174 0.5290457
2.202877 6467.956 0.9916224
2.204533 2297.968 0.2479707
2.206941 2085.247 0.5126285
2.209371 2136.309 0.2752425
2.211361 1786.598 0.3295124
2.214016 9764.05 0.1081053
2.216523 9764.05 0.1152864
2.217326 1761.387 0.39125
2.219074 1575.569 0.4273228
2.220531 7765.478 0.4877469
2.222416 3532.811 0.08303319
2.222703 6126.439 0.3596351
2.222716 1129.16 0.6977637
2.222917 9764.05 0.08777947
2.223302 1111.714 0.5208001
2.223402 2325.722 0.235655
2.224727 8182.139 0.3579005
2.226533 2072.251 0.3848585
2.227956 2821.582 0.3336054
2.229235 765.0224 0.5176663
2.230499 1761.802 0.3813509
2.231338 1762.13 0.3434666
2.231711 9764.05 0.1564955
2.236965 765.0224 0.5267563
2.23794 1762.318 0.4247199
2.241464 1762.757 0.343081
2.24367 3212.997 0.05860502
2.245107 1576.927 0.4642848
2.245825 5967.629 0.7095972
2.24712 6692.453 0.1350938
2.257709 2154.659 0.2503218
2.259647 1594.559 0.5172282
2.260366 7142.535 0.06886235
2.261446 765.0224 0.5221101
2.26265 4050.578 0.3083737
2.26376 8757.336 0.6422953
2.269283 5606.453 0.4374867
2.272328 1936.563 0.6617381
2.274097 3396.352 0.2039486
2.289236 1852.497 0.4353879
2.289302 2805.389 0.4696956
2.290923 913.7983 0.211595
2.293221 1536.696 0.6236735
2.302789 9047.609 0.1823377
2.304899 6674.084 0.4985592
2.305583 5527.626 0.4598529
2.306063 765.0224 0.5052683
2.309726 8666.417 0.4757929
2.310368 3111.85 0.6101894
2.311338 1517.858 0.1989884
2.313012 765.0224 0.5029833
2.315596 8418.978 0.9523296
2.315656 5315.461 0.451378
2.316996 2750.452 0.1672387
2.319964 1998.399 0.1444543
2.320114 937.498 0.2204715
2.321091 9325.723 0.4373944
2.321562 2095.853 0.4852532
2.324865 2075.705 0.3641759
2.329285 765.0224 0.5108403
2.33282 678.2806 0.1927687
2.335486 4483.151 0.2195373
2.33675 9889.588 0.5911978
2.350062 1809.74 0.01133895
2.353873 1857.814 0.1400982
2.363657 1007.546 0.6836366
2.364279 5309.124 0.3212144
2.364968 2246.381 0.5106868
2.365837 5025.081 0.01424078
2.371768 5528.702 0.1532563
2.374491 4706.879 0.7195618
2.377772 6755.24 0.5458059
2.378402 8406.26 0.8020213
2.389489 8235.801 0.2373182
2.397707 1211.758 0.6134537
2.402624 9013.997 0.1653662
2.404732 8766.467 0.1647928
2.405145 2575.136 0.1954616
2.405855 6224.855 0.3874892
2.406623 6251.106 0.1811107
2.407693 9641.728 0.9916224
2.413912 4005.578 0.4291986
2.41631 3545.343 0.5766207
2.42351 8848.613 0.6162813
2.426789 5239.588 0.2815658
2.446628 2825.16 0.5318007
2.447693 4111.872 0.808358
2.448469 2858.055 0.5244481
2.450661 5629.18 0.4672446
2.453043 1131.811 0.3000477
2.453599 2824.585 0.6578099
2.454079 5159.926 0.5244615
2.465205 7616.704 0.03613047
2.47278 4616.615 0.4820405
2.483726 1395.525 0.2194917
2.485076 3555.127 0.04238777
2.486935 5293.988 0.3594731
2.490702 2456.182 0.1760531
2.493816 1241.153 0.6003176
2.495801 1244.818 0.1890652
2.496425 4849.305 0.3254984
2.496625 6277.683 0.777649
2.499107 3004.32 0.2659725
2.509031 8104.588 0.9916224
2.50908 2290.067 0.3652486
2.510268 4166.894 0.5790559
2.513629 8260.594 0.3767808
2.518097 6372.418 0.2114323
2.518223 3158.8 0.6497583
2.519221 4119.51 0.7140767
2.528685 1944.922 0.7240245
2.531455 2582.893 0.00276258
2.533746 8316.567 0.3728589
2.534622 2311.917 0.4145524
2.536223 6046.562 0.3040691
2.539824 6866.847 0.4081647
2.540487 5981.102 0.4573544
2.544321 4896.239 0.304397
2.550327 5182.042 0.6448977
2.564812 10606.49 4.4269e-06
2.565049 4252.944 4.4269e-06
2.578703 1561.602 0.3004447
2.578703 1562.643 0.4154151
2.578703 1581.619 0.4713501
2.578703 1648.928 0.3246774
2.578703 1751.131 0.3030515
2.578703 1872.356 0.3013077
2.582726 1471.296 0.6684842
2.59662 5033.568 0.7952355
2.605645 8052.782 0.8257502
2.60992 3810.172 0.695092
2.623407 9880.777 0.7473052
2.628912 6310.838 0.2592964
2.62933 5309.132 0.07255509
2.635444 3202.366 0.7502315
2.635485 2169.273 0.3885194
2.639465 4984.865 0.8700816
2.641162 5711.61 0.6197774
2.643939 3624.089 0.4677492
2.652013 2324.339 0.257986
2.654698 7397.245 0.06991754
2.658229 7639.663 0.959134
2.662651 1700.275 0.329392
2.665618 5697.81 0.352602
2.670369 5119.059 0.7539088
2.676447 10642.92 4.4269e-06
2.68176 5622.887 0.9834824
2.685579 7352.217 0.6258312
2.693483 1922.224 4.4269e-06
2.706391 6257.017 0.2853821
2.715975 2523.839 4.4269e-06
2.72217 7135.121 0.05509702
2.730214 2582.138 0.2252363
2.753528 1995.055 0.686864
2.765026 3737.255 0.6554464
2.774454 1809.395 0.9916224
2.793238 7878.658 4.4269e-06
2.820988 5278.736 4.4269e-06
# initCovFnParam= 1.36779549794095 1279.18940246112 1.40721174217673 4
