## Fri Feb 25 08:59:49 2022; Sample: 1; # of loci: 11; NrunsPerPoint=30;
## pointmin=1  pointmax=100 out of PointNumber=100
0.1418804 6553.534 0.7955792 154.38478 191.39848 57.926178 333.13269 379.17307 212.69106 154.86893 126.84618 371.19678 265.62946 347.90161 2595.1492 
0.1678012 7934.748 0.137862 151.71013 188.07198 57.283634 327.79544 372.71375 208.96025 152.40796 124.82033 364.70132 261.20483 342.0033 2551.6729 
0.1782191 1032.821 0.06452121 151.66284 186.15298 56.960316 327.24203 369.65253 206.0825 151.21989 124.66396 362.71786 261.86307 340.33099 2538.5491 
0.1853026 4102.606 0.768557 150.20633 186.17581 57.008602 324.4288 368.79202 206.89554 150.98299 123.86093 360.9599 258.72403 338.36621 2526.4014 
0.1866644 674.2995 0.2828232 151.24063 185.2204 56.913837 325.75464 367.89532 205.00499 150.77495 124.38568 361.43338 261.00534 339.06366 2528.6929 
0.189416 73.35949 0.1992715 162.28311 193.20889 59.92662 351.23251 394.71957 213.98169 161.73312 133.5903 386.84619 284.46881 365.60394 2707.5947 
0.2084473 225.7518 0.9785615 151.36981 184.51915 57.235794 323.93008 365.89804 203.99554 150.25876 125.26497 360.03391 261.20428 337.85666 2521.5671 
0.2245825 2401.7 0.8835616 147.39391 182.52594 56.505802 318.27887 361.2879 202.8132 148.32761 121.93251 353.68707 253.9454 331.71304 2478.4114 
0.2381175 3181.256 0.2796632 146.56712 181.35345 56.306145 316.65472 359.04156 201.49947 147.50282 121.20153 351.47919 252.52473 329.71204 2463.8428 
0.2732378 9073.302 0.8650199 144.5062 179.29675 56.119705 312.36789 354.81714 199.49059 146.01692 119.81727 346.80939 248.733 325.39142 2433.3662 
0.2732378 9073.302 0.8650199 144.5045 179.29445 56.110203 312.38025 354.81799 199.49103 146.03766 119.81565 346.80521 248.71248 325.37796 2433.3472 
0.3014637 7869.085 0.6786604 143.20691 177.59053 55.981838 309.39838 351.21762 197.60127 144.82422 118.91698 343.29364 246.37183 322.10175 2410.5051 
0.3251902 8996.33 0.3930788 142.23306 176.31123 55.892876 307.18713 348.5246 196.18231 143.94196 118.21751 340.60101 244.563 319.65173 2393.3066 
0.3267514 6606.825 0.1939396 142.20247 176.12798 55.863857 307.03537 348.1261 195.88324 143.7953 118.18631 340.32971 244.53766 319.43631 2391.5242 
0.3711173 1772.512 0.5952123 140.89394 173.74979 55.83939 303.18735 342.88962 193.16129 142.13614 117.39494 335.70065 242.12775 315.12701 2362.2078 
0.4215541 6179.174 0.5098768 139.2038 172.18617 55.877747 299.60129 339.50735 191.64091 141.10687 116.1907 331.67374 238.66145 311.38498 2337.0349 
0.4291115 7527.899 0.004259629 139.03937 171.8477 55.807007 299.22504 338.89905 191.22389 140.88046 115.92869 330.98914 238.29588 310.89587 2333.0322 
0.4378602 8081.118 0.9590287 138.76733 171.73128 55.917938 298.52551 338.41547 191.21475 140.80006 115.91566 330.4826 237.72064 310.32175 2329.813 
0.4829712 5986.182 0.4306663 137.79607 170.20129 55.995216 295.80103 334.93054 189.43939 139.80829 115.24768 327.14603 235.70454 307.26102 2309.3313 
0.5008013 7441.077 0.06820467 137.42281 169.66998 56.007675 294.91068 333.75031 188.78979 139.45616 114.95737 325.91949 234.91431 306.22119 2302.0198 
0.5116493 5596.812 0.5869594 137.23918 169.39648 56.113735 294.18954 333.10803 188.60558 139.30923 114.90709 325.29877 234.45317 305.50656 2298.1274 
0.5116493 5596.812 0.5869594 137.2287 169.39549 56.112381 294.17526 333.05676 188.59355 139.29515 114.91693 325.28879 234.49007 305.53943 2298.0925 
0.5532708 1219.009 0.8192479 136.87653 168.07985 56.310925 291.88855 329.76956 186.75763 138.38521 114.90316 322.54623 233.60916 303.0744 2282.2014 
0.555889 3305.333 0.1154411 136.55835 168.03908 56.185181 292.19559 329.85681 186.83224 138.38336 114.38072 322.39932 233.0444 303.05249 2280.9275 
0.5695914 4295.984 0.583307 136.28967 167.92188 56.350342 291.2941 329.49231 186.9343 138.38132 114.33312 321.78406 232.31104 302.3403 2277.4324 
0.6228103 9992.73 0.3725183 135.51938 166.92392 56.609203 289.05536 327.07019 185.93925 137.79727 113.80585 319.20758 230.3912 299.94992 2262.269 
0.628588 9173.652 0.2603149 135.45663 166.76685 56.624664 288.84802 326.72833 185.73619 137.69856 113.75774 318.89359 230.19467 299.69159 2260.3967 
0.6378264 2194.32 0.4258307 135.54276 166.29587 56.672581 288.35138 325.59171 184.85713 137.38055 113.8852 318.15167 230.4021 299.05692 2256.1877 
0.6678944 2240.211 0.839819 135.16536 165.88402 56.865559 287.08881 324.28397 184.58829 137.1254 113.78631 316.82816 229.39891 297.74826 2248.7629 
0.6773514 1511.135 0.06446177 135.47447 165.25456 56.776131 287.59805 323.52246 183.25883 136.92203 113.54516 316.42761 230.12198 297.70007 2246.6013 
0.7142609 1013.991 0.6617941 135.07599 164.93233 57.188702 285.56256 321.6127 183.1291 136.52429 113.8217 314.94287 229.00899 295.96466 2237.7639 
