Dascyllus aruanus samples from New Caledonia        
304, 331, 589, 523, 360, 565, 542, 590 
Pop        
Mara_Mara1, 133157 115130 171207 120144 224232 149155 216242 165181
Mara_Mara2, 143145 121121 213271 134134 232234 151175 180194 169171
Mara_Mara3, 131159 121133 189193 134150 210228 145155 198228 169177
Mara_Mara4, 141143 118121 259273 130134 222228 153179 242250 171175
Mara_Mara5, 143143 121133 203225 138160 216234 145179 204212 183197
Mara_Mara6, 141143 121136 177201 120180 226236 147153 210210 157165
Mara_Mara7, 135135 101115 207207 134152 228234 175175 204256 159197
Mara_Mara8, 139143 121130 207213 134140 224228 149153 192194 161175
Mara_Mara9, 131141 121121 167207 134150 226230 149151 178232 141155
Mara_Mara10, 143167 121130 183205 126134 230230 161163 184250 167177
Mara_Mara11, 133143 121127 193251 156162 210228 147163 222224 171175
Mara_Mara12, 131145 127133 225245 160160 228230 147155 232240 173181
Mara_Mara13, 141143 121121 199219 154170 230246 151151 248250 171201
Mara_Mara14, 129133 118124 189213 134148 222228 147171 210224 179207
Mara_Mara15, 141145 118121 193215 140150 228236 151153 192236 159181
Mara_Mara16, 143145 127130 259261 134152 216228 157163 228264 155161
Mara_Mara17, 119151 118127 199211 130158 232236 153161 192254 137165
Mara_Mara18, 131141 121124 213253 134142 224230 151151 210222 165171
Mara_Mara19, 141153 121121 203243 140152 224228 149153 200212 155169
Mara_Mara20, 143143 124127 189213 132162 224224 147159 218222 173187
Mara_Mara21, 145157 124124 217227 138140 220230 155155 192210 167169
Mara_Mara22, 135149 121127 189201 140168 216230 151151 208222 143189
Mara_Mara23, 137141 115115 193201 134140 228230 147151 216240 137187
Mara_Mara24, 143143 121121 209213 150154 224232 173173 212242 161169
Mara_Mara25, 143143 121127 167205 148148 210232 155155 210236 175195
Mara_Mara26, 141163 121124 195267 140168 228230 149179 218232 143181
Mara_Mara27, 143155 121127 193275 132146 220228 145155 192228 137165
Mara_Mara28, 131133 118127 201217 134134 222234 151157 194270 137163
Mara_Mara29, 143155 121127 197197 130154 228234 149153 228238 155173
Mara_Mara30, 129143 121127 211237 120126 216234 155167 222226 179227
Mara_Mara31, 133147 124133 209211 142154 210226 155157 216256 163165
Mara_Mara32, 143165 121121 179185 134146 224228 155175 178210 145157
Mara_Mara33, 119141 121133 181191 140154 214230 149157 230236 159175
Mara_Mara34, 143143 124127 205209 126134 230232 147149 208208 175189
Mara_Mara35, 141141 115121 165183 140158 232232 151155 190204 193195
Mara_Mara36, 133145 121121 181219 134152 230232 151155 210218 163169
Mara_Mara37, 145199 121130 189207 156170 228232 147157 194232 159171
Mara_Mara38, 131143 124130 167211 134156 216228 151153 194210 137169
Mara_Mara39, 135143 121124 189235 136140 228230 155173 204212 137161
Mara_Mara40, 141159 115124 191211 136142 216240 151153 212224 175177
Mara_Mara41, 131151 121127 189209 146164 208232 155167 188208 165169
Mara_Mara42, 131151 121121 211267 140148 224228 147153 222232 169177
Mara_Mara43, 131141 133133 187265 130140 220228 149155 178222 161163
Mara_Mara44, 155159 124124 167189 150168 220224 151155 212238 169169
Mara_Mara45, 131141 121124 207245 134190 220226 147151 220250 147193
Mara_Mara46, 131143 121121 181189 134136 224234 151157 222228 139175
Mara_Mara47, 143145 121127 187205 130156 224228 151151 208232 177179
Mara_Mara48, 131159 124130 217223 140150 216220 151155 204214 151161
Mara_Mara49, 141145 121127 213225 130156 224228 173173 178198 143175
Mara_Mara50, 133135 124124 207207 130140 230234 151151 204222 159171
Mara_Mara51, 133141 121124 193203 134146 230232 149169 232246 155167
418 0, 141145 121133 177189 136144 228228 151177 216228 173207
Pop        
Ten_Ten1, 135141 121127 171209 134154 230258 151163 198232 163167
Ten_Ten2, 149149 118121 191267 134162 228230 149151 236242 161193
Ten_Ten3, 141141 124124 209251 134134 230232 155175 214228 139165
Ten_Ten4, 143143 121121 189229 134166 238260 153157 210246 165177
Ten_Ten5, 131141 118130 213261 140150 220226 149151 218236 161177
Ten_Ten6, 131141 127130 169225 134162 228230 151155 172210 137157
Ten_Ten7, 141143 121142 177217 136136 210240 153155 194214 155179
Ten_Ten8, 141141 121127 199199 134144 230256 151159 200252 177193
Ten_Ten9, 141143 127133 199213 134134 228228 155155 204218 163163
Ten_Ten10, 131141 121121 189213 136156 228232 147153 178218 155173
Ten_Ten11, 133159 121121 205217 134144 210226 151175 172256 167177
Ten_Ten12, 141141 121133 179219 140158 210230 147151 194216 155183
Ten_Ten13, 143143 121130 189207 130154 222232 147151 204234 179191
Ten_Ten14, 141143 121124 207211 138140 226244 163167 194220 161193
Ten_Ten15, 143145 121124 169183 136150 228234 151151 228236 171171
Ten_Ten16, 133141 121127 167249 134160 232234 151151 194212 169185
Ten_Ten17, 145151 124127 223233 136158 226226 151153 194212 177185
Ten_Ten18, 133143 121124 189217 140160 210224 167171 204236 173183
Ten_Ten19, 133143 121133 189193 132154 218232 149163 204236 153159
Ten_Ten20, 141143 121130 197207 134142 224226 147167 232238 159193
Ten_Ten21, 141143 124124 189249 136158 210216 153155 182194 165185
Ten_Ten22, 131131 121127 213235 130156 224256 147165 228232 143177
Ten_Ten23, 129143 124127 177189 140142 224228 163167 212240 169177
Ten_Ten24, 141143 121124 189267 142142 224230 145147 210218 181181
Ten_Ten25, 151151 121127 193219 140152 228234 143151 184212 161193
Ten_Ten26, 141145 124133 189213 132162 228232 155155 236244 157171
Ten_Ten27, 133143 118127 213251 134170 228244 151161 212212 165179
Ten_Ten28, 141141 121121 179209 136140 228264 151155 194194 157165
Ten_Ten29, 119131 118121 191199 136148 228232 143151 208212 143185
Ten_Ten30, 131145 124133 203205 148154 224232 151155 200230 169169
Ten_Ten31, 139141 121127 191197 136166 230230 155163 210270 177181
Ten_Ten32, 131143 121121 181207 134140 224228 149155 204228 151171
Ten_Ten33, 143157 124124 183205 140142 220236 153157 184220 133165
Ten_Ten34, 151151 124124 215229 134134 208230 141165 184188 147159
Ten_Ten35, 143143 118121 203269 138150 236238 143167 206232 151165
Ten_Ten36, 131143 121121 233275 136166 220234 147155 184212 149155
Ten_Ten37, 141143 127133 203241 134146 210216 145161 202310 179199
Ten_Ten38, 131141 121124 181243 142170 228232 147153 214248 143143
Ten_Ten39, 143143 124127 195215 134156 224224 155155 184226 169169
Ten_Ten40, 143151 124127 189207 134140 228230 149151 210220 163175
Ten_Ten41, 143143 121121 183271 134150 210224 171173 212236 163169
Ten_Ten42, 141143 115127 189213 134154 222228 147149 186196 161183
Ten_Ten43, 141141 121124 183197 132140 232258 149151 182216 165195
Ten_Ten44, 123133 127136 191201 126140 226228 151155 184210 169185
Ten_Ten45, 143143 118124 193211 140146 224230 145151 200232 161191
Ten_Ten46, 129143 121127 181199 142146 228232 151159 206232 143155
Ten_Ten47, 147157 121139 207249 136158 224230 165165 212232 173177
Ten_Ten48, 133161 121127 191197 134160 210228 149151 202222 171171
Ten_Ten49, 141143 124133 193245 132148 228256 145167 214216 173191
Ten_Ten50, 131131 124127 201243 138156 228230 147155 188232 157175
Ten_Ten51, 131143 121121 189189 132140 216232 151177 210232 163169
454.7 0, 119131 118121 205211 126138 224232 147159 212230 177193
Pop        
MBO_MBO1, 141151 121124 173211 140152 230238 151155 212244 177189
MBO_MBO2, 143151 121124 189215 136136 228234 147155 204240 171183
MBO_MBO3, 143143 118133 201231 134162 224240 151153 178238 171181
MBO_MBO4, 141143 118121 185189 136146 228228 151151 182194 167169
MBO_MBO6, 131143 121121 205255 136136 230236 159173 202204 169187
MBO_MBO7, 141149 124127 169183 134134 224232 147165 184204 159197
MBO_MBO8, 141145 118121 167249 164170 228236 155157 212236 177197
MBO_MBO9, 131133 121121 185213 130148 220230 159161 204232 167175
MBO_MBO10, 143167 121121 189203 138152 230234 145171 192210 163195
MBO_MBO11, 131141 127130 177191 118124 256258 137147 222238 179191
MBO_MBO12, 133143 127133 187209 148160 210246 149177 196272 169175
MBO_MBO13, 131143 115121 165225 130160 226232 149153 178208 155183
MBO_MBO14, 141143 121124 177209 134164 224232 151155 202210 165169
MBO_MBO15, 133143 124127 189201 142146 210228 147149 206232 181185
MBO_MBO16, 131159 124130 205207 130168 210246 149157 196240 165171
MBO_MBO17, 135159 121124 207215 140150 226228 147189 210228 161177
MBO_MBO18, 133143 121127 205257 142152 226232 153159 200204 185193
MBO_MBO19, 141161 121124 241269 150150 204224 157175 106194 177199
MBO_MBO20, 133141 121127 189213 134142 214242 147151 210210 161173
MBO_MBO21, 141155 121124 209243 130134 228232 153167 240250 141175
MBO_MBO22, 131143 127127 189225 130138 228240 151173 202202 157173
MBO_MBO23, 133143 118127 197201 144154 228230 151151 192240 143169
MBO_MBO24, 143143 121127 167219 134166 224228 151175 244244 143165
MBO_MBO25, 143143 121127 203207 140174 234258 147149 212212 137159
MBO_MBO26, 139139 124133 199211 130156 224258 147167 194236 179181
MBO_MBO27, 143153 121124 189191 140148 210230 149157 218228 167167
MBO_MBO28, 131135 124127 205227 136172 220224 151155 190244 161167
MBO_MBO29, 143151 121133 211217 134150 224230 163165 190248 179179
MBO_MBO30, 131143 124130 199247 120134 232234 153173 204258 173175
MBO_MBO31, 143151 124124 211247 146154 228238 151159 222240 157193
MBO_MBO32, 143143 121127 205235 130134 212228 147151 176242 157199
MBO_MBO33, 133141 121121 187187 138138 210240 147153 212212 165177
MBO_MBO34, 143143 121121 203203 150150 230242 145151 212242 161161
MBO_MBO35, 125125 121133 205247 136150 226228 151165 174174 161193
MBO_MBO36, 131131 127142 183209 138144 220224 147155 184192 157199
MBO_MBO37, 141157 118121 175177 144148 228228 149155 210236 161177
MBO_MBO38, 143143 115121 189205 162162 230258 147155 212246 141195
MBO_MBO39, 131141 118121 189235 136166 226232 151151 222232 143145
MBO_MBO40, 143145 124124 167207 134134 216234 151153 236236 161197
MBO_MBO41, 143151 121136 189211 140172 216230 161167 222232 165177
MBO_MBO42, 131141 121127 189201 134166 214232 155159 186232 169183
MBO_MBO43, 131143 115118 199259 138160 208226 153183 208254 169179
MBO_MBO44, 131143 121136 175209 144170 228234 151153 236268 175177
MBO_MBO45, 131143 121127 189195 134138 210228 147163 228236 165177
MBO_MBO46, 143161 118139 207255 130140 226234 149151 176192 175177
MBO_MBO47, 113131 121133 165197 134142 210224 153169 222228 155193
MBO_MBO48, 133153 124130 189201 140162 210230 151163 172268 189193
MBO_MBO49, 131143 124127 201229 158170 228236 147153 204314 175175
MBO_MBO50, 143143 124130 191191 154168 214220 151159 240250 171189
494.14 0, 131141 127127 165191 134140 220226 155175 208216 145187
Pop        
Lar_Lar1, 129131 127130 199205 134134 220244 153155 198250 141169
Lar_Lar2, 141143 127127 191195 140140 216226 149171 186194 149169
Lar_Lar3, 143145 121133 193205 126134 230234 147151 184212 175177
Lar_Lar4, 133143 127127 199211 134140 228232 147151 204230 145177
Lar_Lar5, 119153 121121 191243 134158 210228 147173 212236 165185
Lar_Lar6, 141143 127133 197277 134150 216228 151177 222248 165171
Lar_Lar7, 159165 121127 175207 134136 230232 155159 218226 175175
Lar_Lar8, 141143 127130 169189 134136 228228 151153 212236 151165
Lar_Lar10, 143167 121121 203207 120134 230232 153157 184242 161187
Lar_Lar11, 143143 121121 209219 120134 234248 149149 194204 157175
Lar_Lar12, 143159 121121 179215 134172 228230 147149 228236 169173
Lar_Lar14, 143169 121124 249275 140162 230258 157175 232256 161181
Lar_Lar15, 131143 121133 195215 132134 224228 151157 190236 143191
Lar_Lar16, 141143 121121 191215 140142 232256 151155 208210 163171
Lar_Lar17, 143143 121124 185201 136140 238240 155155 264264 169171
Lar_Lar18, 145167 118124 207213 130158 210228 147153 200238 161171
Lar_Lar19, 133143 118121 191203 134162 216230 147153 222250 165169
Lar_Lar20, 141143 121124 201209 120142 230260 151155 220236 183209
Lar_Lar21, 141143 124130 207207 140170 214234 151151 232244 169191
Lar_Lar22, 143143 115121 183265 130134 228230 151155 172248 145221
Lar_Lar23, 131131 127130 207233 136160 224228 151173 204216 167175
Lar_Lar24, 143143 124127 175243 136156 210236 151155 194256 161171
Lar_Lar25, 131159 121127 197215 120120 220228 151177 198212 157173
Lar_Lar26, 133143 121127 191201 140150 212222 149179 198212 165175
Lar_Lar27, 131143 121124 237241 136142 228256 147167 192256 169171
Lar_Lar28, 133135 121121 199205 140156 222232 149151 200232 161193
Lar_Lar29, 143143 121121 195195 132166 210240 147153 204250 161195
Lar_Lar30, 131141 121124 191219 152162 228232 151155 178188 165195
Lar_Lar31, 133145 115124 171207 134154 230256 149155 218220 159187
Lar_Lar32, 143147 124127 189203 140140 220228 151157 204230 177181
Lar_Lar33, 139143 121121 169207 126142 232236 151155 232232 165169
Lar_Lar34, 131143 121130 169207 130140 226228 159173 194236 193197
Lar_Lar35, 131145 121127 167205 132160 234260 149155 178178 177189
Lar_Lar36, 141145 115121 219229 132152 210222 151151 194222 167179
Lar_Lar37, 135141 118121 169189 122122 228228 147153 212256 165191
Lar_Lar38, 143143 121124 205259 140152 210260 143147 200234 163163
Lar_Lar39, 143151 115121 211225 124148 228230 147153 182212 149171
Lar_Lar40, 141145 121124 169207 140150 228234 149151 198208 173177
Lar_Lar41, 143143 127130 203233 156162 212234 171173 210220 169183
Lar_Lar42, 143155 130133 197207 120120 228234 149151 172236 155161
Lar_Lar43, 141143 115121 177211 126134 228228 155175 172206 163171
Lar_Lar44, 141159 121127 185273 138160 230234 151155 194218 173215
Lar_Lar45, 141149 121127 183193 134150 226228 143153 192232 143183
Lar_Lar46, 143151 124124 169199 134140 210220 149151 228232 161169
Lar_Lar47, 129153 121130 207245 126134 204256 153179 212232 153157
Lar_Lar48, 143143 127127 189207 140150 220230 151183 216218 165177
Lar_Lar49, 141169 121121 189211 126144 216228 147155 172178 169175
Lar_Lar50, 141157 121121 243251 138140 230260 155167 208220 161163
Lar_Lar51, 141143 118133 175183 134160 224224 159169 194222 173177
Lar_Lar52, 143145 130133 189221 140164 244250 173173 236240 171175
507.2 0, 149155 124133 169181 144144 224234 149151 184198 165193
Pop        
Go_Go1, 141143 121133 191199 146152 228238 147163 176256 175193
Go_Go2, 131143 121130 199215 126134 224230 151151 206256 153177
Go_Go3, 137145 130139 189205 120142 216230 147151 188208 175223
Go_Go4, 143143 121124 183233 144150 210234 171173 196220 175179
Go_Go5, 133135 121127 201255 120150 228232 151153 192216 165181
Go_Go6, 125141 118121 201207 162164 226228 147151 212228 137191
Go_Go7, 145155 121124 189199 134154 226228 163173 228234 177189
Go_Go8, 131135 121124 169201 134150 210218 141153 186228 175197
Go_Go9, 133143 124127 203203 126144 212226 149169 184200 141175
Go_Go10, 141141 121136 201203 138158 220228 149151 202322 173195
Go_Go11, 141159 121124 201223 134162 212244 153155 210232 175177
Go_Go12, 131131 121130 205215 138148 210220 153155 204222 179179
Go_Go13, 141161 121133 203233 132140 232242 147149 210216 171179
Go_Go14, 141143 121127 169221 140142 210224 147175 198206 163177
Go_Go15, 143143 115124 167227 136140 228244 165167 204230 161175
Go_Go16, 141143 115133 193273 134136 228254 151153 232256 147161
Go_Go17, 143145 121127 191201 134136 228228 151173 214232 157163
Go_Go18, 119143 121121 177189 132134 210228 155173 242254 165193
Go_Go19, 143143 121124 189195 134154 222230 155155 178228 169171
Go_Go20, 143143 124127 189201 160164 224232 153153 228266 169175
Go_Go21, 141143 118121 181201 134142 220224 147151 208212 147175
Go_Go22, 131141 121121 191211 134140 210230 151161 196204 141203
Go_Go23, 141145 115121 199201 138142 228232 147173 188236 169171
Go_Go24, 133143 115130 193245 140140 226230 147159 178250 167193
Go_Go25, 133143 121127 175183 134138 216230 151167 212238 165177
Go_Go27, 143143 121127 167227 136140 216222 147153 212226 165169
Go_Go28, 131143 121130 211221 134156 230242 147153 222226 179185
Go_Go29, 131143 121121 185189 136142 222228 151157 208224 169199
Go_Go30, 139139 121124 201243 134136 226240 147151 204208 145161
Go_Go31, 143143 127136 183191 140162 228232 151155 234240 175177
Go_Go32, 145157 127127 189261 130134 230236 147155 212214 165177
Go_Go33, 143143 115118 165167 120134 236240 151151 222250 157171
Go_Go34, 143143 121124 189199 130140 220232 149155 194210 157183
Go_Go35, 143143 121121 195201 120134 228236 147155 182218 165177
Go_Go36, 143145 121130 191201 132134 244262 153155 206244 165177
Go_Go37, 139141 124127 175241 158158 228240 153175 192218 159197
Go_Go38, 147159 118133 193207 120144 224238 151165 212264 155159
Go_Go39, 143159 118118 185189 140168 228236 155163 192236 155197
Go_Go40, 131143 121121 179195 134142 216238 155157 172250 165165
Go_Go41, 141141 118124 203203 132150 228248 161161 218232 177179
Go_Go42, 141141 115127 203207 120158 230230 153155 194224 157177
Go_Go43, 143151 121127 211223 134134 228228 153155 212224 169175
Go_Go44, 143159 121127 189257 134150 226228 153153 204226 169181
Go_Go45, 141157 118118 223233 142158 220228 153165 176232 165189
Go_Go46, 141141 121124 179201 146158 228238 147157 234242 157163
Go_Go47, 137153 121121 183223 134170 222232 169179 192232 155165
Go_Go48, 167167 115121 191243 140146 228238 145155 212212 137171
Go_Go49, 133141 121124 197229 128134 216228 147161 196232 141173
Go_Go50, 143143 121127 179239 136146 226232 151151 192210 173181
Go_Go51, 141157 115118 167209 140156 216224 151151 230242 161233
Go_Go52, 141141 121127 193201 134136 232234 149165 196240 147171
Go_Go53, 143143 121130 193203 150166 210226 147147 192212 163165
Go_Go54, 135143 118127 191197 134140 208236 147153 232232 155173
Go_Go55, 149155 121121 167207 140140 230232 149165 246250 167169
514.98 0, 143143 115133 207227 126136 210232 141151 210234 163169
Pop        
QBW_QBW1, 133143 115118 241241 140150 228232 161167 202232 153173
QBW_QBW2, 143149 124136 209213 134144 224234 143151 188232 143193
QBW_QBW3, 151151 121124 183211 120142 232232 149151 208210 163193
QBW_QBW4, 141143 115121 183215 134136 228240 155167 204222 153193
QBW_QBW5, 133133 121136 177191 144150 234240 151175 242250 169193
QBW_QBW6, 131135 118121 189191 140152 228234 147149 204210 165177
QBW_QBW7, 131131 115127 203205 136158 220226 153165 194232 169179
QBW_QBW8, 143161 121121 239243 140142 204224 149157 184186 163169
QBW_QBW9, 143145 118133 187197 126136 228228 147153 000000 139167
QBW_QBW10, 133141 121121 189261 134140 230232 149149 186222 171175
QBW_QBW11, 131147 121124 199263 134136 220230 151175 212212 169181
QBW_QBW12, 137143 121124 201201 142152 226232 167169 232236 173175
QBW_QBW13, 119143 118130 183199 134164 228244 151159 196244 173193
QBW_QBW14, 135135 127133 201203 168170 226244 157167 194232 163167
QBW_QBW15, 141161 121127 199207 134152 230230 151175 218232 137179
QBW_QBW16, 143153 124127 205209 150150 210240 153155 184240 143193
QBW_QBW17, 143143 121121 191219 142146 212232 151155 232236 169177
QBW_QBW18, 119143 121130 189207 134136 232248 155167 188254 143157
QBW_QBW19, 131143 124133 197245 140164 226236 155169 204232 157189
QBW_QBW20, 131141 118127 165185 138140 224232 149155 220258 161189
QBW_QBW21, 141143 118121 191247 136142 228230 149151 176200 185193
QBW_QBW22, 143143 127127 195211 134140 220232 151155 182242 143179
QBW_QBW23, 129155 121133 187239 136138 230258 151171 210222 157175
QBW_QBW24, 143163 124130 191203 160164 208228 147151 172204 159193
QBW_QBW25, 131143 124127 199255 120150 222228 153153 202232 159163
QBW_QBW26, 143143 121127 185205 134134 232234 147155 198248 161165
QBW_QBW27, 143143 121121 167269 140152 220224 149165 178210 169175
QBW_QBW28, 119141 118121 177211 134156 232240 151159 136136 157185
QBW_QBW29, 129143 118127 177265 130134 208230 155157 220234 139143
QBW_QBW30, 131131 121127 201203 168170 226246 157167 194232 163167
QBW_QBW31, 141161 121127 199207 134150 230230 151173 218232 159177
QBW_QBW32, 143153 124127 205209 150150 210240 153155 184240 143193
QBW_QBW33, 143143 121121 191219 142146 212232 151155 232236 169177
QBW_QBW34, 119143 121130 189207 134136 232248 155169 188254 143157
QBW_QBW35, 131143 124133 197245 140164 226236 155169 204232 157189
QBW_QBW36, 131141 118127 165185 138140 224232 149155 220258 161189
QBW_QBW37, 137141 121121 203271 132176 210232 151155 204214 173179
QBW_QBW38, 133161 124130 197203 132134 232234 151153 192218 169193
QBW_QBW39, 131141 121124 199205 134140 224234 153157 186212 169179
QBW_QBW40, 137143 127133 193197 142166 224226 153165 200204 173183
QBW_QBW41, 133133 121130 175251 126140 212224 149151 176236 155155
QBW_QBW42, 143157 121124 195199 122122 228230 159171 232240 165177
QBW_QBW43, 129143 115127 203217 140164 224242 147147 214214 165179
QBW_QBW44, 143143 124136 181181 154158 226230 147151 204230 155209
QBW_QBW45, 141141 115124 195247 134162 210234 155161 226264 167193
QBW_QBW46, 131143 124124 189195 144170 230232 147151 212232 153157
QBW_QBW47, 139141 127127 197203 120140 260272 155161 196212 181181
QBW_QBW48, 143149 118127 203207 140144 230256 149151 194198 163165
QBW_QBW49, 139151 121130 183189 134142 210228 155167 226236 169213
QBW_QBW50, 145151 124127 189245 130174 232232 155161 210222 193193
QBW_QBW51, 141143 121130 211241 120158 228228 155155 218236 177183
QBW_QBW52, 141143 121130 191207 144150 228228 145165 176254 137187
QBW_QBW53, 137145 121124 185231 134160 232232 147157 176258 155179
527.4177 0, 131141 118121 189189 134140 210228 155155 210234 161171
Pop        
Tote_Tote1, 141143 121127 175229 134162 228232 151173 200224 139179
Tote_Tote2, 131143 121124 197215 140160 230230 155157 222232 163177
Tote_Tote3, 131131 121124 201213 122140 210228 151157 186218 163173
Tote_Tote4, 131141 121127 189189 128132 210226 149163 226236 151169
Tote_Tote5, 137141 121124 191207 126136 230232 151173 246248 169175
Tote_Tote6, 143143 115121 189219 160168 232232 151157 178182 177213
Tote_Tote7, 161165 124130 205241 140142 228232 153173 192248 149173
Tote_Tote8, 131157 124133 197269 136140 220236 149175 210262 159187
Tote_Tote11, 141155 121121 187207 134134 228230 155159 210232 163179
Tote_Tote12, 143147 124124 193207 134134 220230 147149 200310 157171
Tote_Tote13, 143143 121121 175189 120136 208232 155157 208318 141171
Tote_Tote14, 143143 124124 189215 130144 210228 147153 214248 175177
Tote_Tote15, 143143 121127 207215 120144 210218 149155 208222 161195
Tote_Tote16, 141143 121127 183197 134134 214228 153165 186194 161175
Tote_Tote17, 141143 124124 183209 120130 228250 153161 206236 167173
Tote_Tote18, 141143 115121 211247 136142 228240 151155 220234 183195
Tote_Tote19, 137141 121121 203207 126140 230242 141167 204210 157165
Tote_Tote20, 131141 115124 191225 150166 226228 153155 238238 161163
Tote_Tote21, 133139 124127 183193 134134 218244 155171 200232 161175
Tote_Tote22, 143149 118127 199211 136174 228232 151165 184188 177191
Tote_Tote23, 131141 121124 223241 152160 220240 171177 212228 165169
Tote_Tote24, 131141 130130 189207 136146 228234 153157 226242 163187
Tote_Tote25, 135155 121133 203213 134170 230230 151151 204206 145145
Tote_Tote26, 141143 127136 189211 140174 234256 151155 244250 159195
Tote_Tote27, 143143 118130 191193 134162 220232 153155 210232 171175
Tote_Tote28, 137143 118130 211241 144148 210228 155171 222232 135193
Tote_Tote29, 131143 115121 169259 134140 224228 149155 204208 171197
Tote_Tote30, 131143 115127 207213 136140 216236 155157 224230 149171
Tote_Tote31, 141145 121121 181223 134154 232242 147173 200264 159159
Tote_Tote32, 119143 121127 203203 134164 230232 153177 206208 161179
Tote_Tote33, 131131 115121 183207 148150 210236 151155 180240 155167
Tote_Tote34, 131131 121127 207211 144148 226228 151155 178236 185199
Tote_Tote35, 119143 121130 207217 120146 230234 153155 178186 155169
Tote_Tote36, 141141 115115 201219 140148 224230 153167 236328 197207
Tote_Tote37, 141147 121133 195233 134168 210256 153155 194232 173177
Tote_Tote38, 143143 124124 177189 136140 210234 151177 208232 173179
Tote_Tote39, 133143 115127 205211 126168 228230 151169 196206 165189
Tote_Tote40, 141143 124127 191207 154168 218228 143147 220228 143179
Tote_Tote41, 131145 121130 185193 138154 232232 153173 196242 137201
Tote_Tote42, 143149 121124 179207 144156 228232 153173 210218 179187
Tote_Tote43, 135145 121121 183211 140152 216228 151155 224242 141179
Tote_Tote44, 131141 121121 193205 136154 226228 147159 220234 167175
Tote_Tote45, 143145 115121 205225 120154 224228 149151 202234 155179
Tote_Tote46, 119149 121127 205207 120144 210228 153155 212256 171193
Tote_Tote47, 143157 124127 181253 132162 220232 147173 172204 175181
Tote_Tote48, 133157 121124 205209 140140 216230 147151 178180 167167
Tote_Tote49, 137145 121127 191197 126168 214224 151155 200204 165221
Tote_Tote50, 143143 121127 189215 134134 224232 149153 188228 173195
Tote_Tote51, 143147 121133 227265 136140 216228 155163 204256 181185
Tote_Tote52, 131143 124139 189207 134154 228232 153157 192208 169185
Tote_Tote53, 123143 118127 185195 136144 224232 167177 200232 159169
Tote_Tote54, 141143 121121 189207 134140 228230 149153 232240 161161
568.21 0, 147159 121121 169207 146164 218232 161179 204266 157189 