0.7375906 5931.671 0.3055183
0.7476342 10561.5 2.644208e-07
0.7506324 6879.392 2.644208e-07
0.7550149 4464.189 0.4640792
0.7575039 6392.184 0.161165
0.7601104 9878.582 2.644208e-07
0.7609362 4173.263 0.260459
0.7681576 3958.081 2.644208e-07
0.7785469 13189.4 0.1041771
0.7883534 4660.833 0.02861258
0.7911766 9586.475 0.1832464
0.7913785 6868.902 0.2525314
0.7942357 10512.91 0.3265995
0.7962661 12024.47 0.2609661
0.801245 3289.643 0.2525273
0.8021703 11698.91 0.06790057
0.8035783 13014.08 2.644208e-07
0.8039526 1754.523 0.3735447
0.8048799 12492.85 0.07157997
0.8085922 8883.197 0.20147
0.8169467 5259.701 0.11178
0.8196969 9503.02 0.06865367
0.8204978 2220.056 0.5928844
0.8204978 2341.721 0.3865992
0.8204978 2523.126 0.3768344
0.8204978 2922.177 0.3133165
0.8204978 3567.818 0.3919015
0.8204978 3818.143 0.178109
0.824199 7557.192 0.3225179
0.8278233 11742.11 0.3302726
0.8282637 1767.843 0.4719057
0.8284782 4196 0.2031389
0.8309073 6807.61 1.08012e-05
0.831199 2576.746 0.4842051
0.8312384 1944.996 0.7282363
0.8319997 4563.003 0.1054836
0.8322357 6440.107 2.644208e-07
0.8368127 7483.926 2.644208e-07
0.8378209 7692.557 0.132863
0.838346 7259.25 0.04402673
0.838757 6806.31 3.414203e-05
0.8412992 6948.1 0.6308989
0.8420825 11339.05 0.1531745
0.8580372 1484.7 0.2562704
0.8581555 3424.703 0.4114699
0.8600432 2275.734 0.2762198
0.8611659 3501.56 0.1280087
0.8613175 7938.032 2.644208e-07
0.8637428 5594.366 0.002882269
0.8646483 10247.37 0.1671651
0.8675702 2158.966 0.1025134
0.8693548 6699.63 0.3325182
0.8710472 7437.258 0.3599079
0.8734421 6413.981 0.3118509
0.8742415 5885.051 0.4239141
0.8743131 9492.873 2.644208e-07
0.8761126 4868.875 0.3433406
0.8767618 8931.18 0.3516853
0.8771101 4127.189 0.2526869
0.879442 2301.299 0.5083434
0.8799811 3009.099 0.214647
0.8805729 4442.23 0.7395223
0.8815097 3783.046 0.4817459
0.8836989 5707.084 0.04246355
0.8857973 8255.005 0.018735
0.8870361 10745.01 0.274155
0.8872977 3786.73 0.6023917
0.8878449 12123.19 0.3581453
0.892599 6596.614 0.007679301
0.8954333 6805.38 1.921211e-05
0.8976401 8731.593 0.6155997
0.8982516 7972.284 0.6844121
0.8998213 1041.34 0.4912356
0.8998351 1991.034 0.6633569
0.9016789 6797.669 0.0002186899
0.9050487 8850.946 0.1731018
0.9052706 1660.082 0.6644712
0.9094447 11294.16 0.5029031
0.9099896 1843.364 0.478859
0.9119159 931.1576 0.9206323
0.9126027 931.1576 0.9230079
0.9141485 8449.465 0.5089234
0.9148023 9094.151 0.6448713
0.9156551 7918.023 0.2110873
0.9180577 2230.29 0.7536223
0.9193344 1711.118 0.2680803
0.9205102 3417.461 0.2627963
0.920619 12897 0.4248201
0.9231483 3715.551 2.644208e-07
0.9245472 2481.593 0.3466573
0.9249741 6170.09 0.3635645
0.9261344 3476.23 0.392417
0.9264547 1425.559 0.7071071
0.9276201 3378.055 0.1582054
0.9285118 2102.451 0.1928819
0.9291895 2223.566 0.4641696
0.9295562 931.1576 0.8874797
0.9296451 6798.982 9.58376e-05
0.9322383 3785.031 0.3607334
0.9347537 10955.43 0.4875842
0.9347843 11014.48 0.009256371
0.935062 2249.24 0.4268513
0.9356065 11335.92 0.3402596
0.9365008 931.1576 0.9136393
0.940386 1587.416 0.571785
0.9419519 1571.288 0.2705053
0.9430132 5344.732 0.7840871
0.9444908 1607.052 0.53369
0.9451708 5330.552 0.1898828
0.9461131 931.1576 0.8013773
0.9470965 1403.126 0.7323694
0.9489156 2019.26 0.3894835
0.9489458 4771.994 0.7039878
0.9490375 11741.85 0.4054853
0.9498917 879.2084 0.4475018
0.9500176 7230.855 2.644208e-07
0.9502332 6831.947 0.3315425
0.9515995 2615.426 0.1968317
0.9537544 1693.436 0.7560238
0.954114 1043.625 0.404096
0.954959 11404.58 2.644208e-07
0.956511 4703.357 0.450399
0.958952 1500.141 0.8621879
0.9599003 4517.205 0.3048574
0.9600467 7046.364 0.0322661
0.9601192 3227.219 0.7460479
0.9609633 8442.796 2.644208e-07
0.961664 6747.465 0.5919805
0.9618126 931.1576 0.8546545
0.9618241 2660.425 0.6234352
0.961885 2227.854 0.803351
0.9638328 2148.689 0.2590526
0.9652871 4376.599 0.1744793
0.9683976 1542.612 0.3248396
0.9685714 1126.861 0.3617189
0.96892 1011.821 0.8672304
0.9696712 2233.506 0.2137997
0.970421 7034.822 0.2800647
0.9706773 5669.071 0.1273461
0.971718 11838.65 0.4260453
0.9726981 2070.097 0.7471957
0.9735746 10685.6 0.01059592
0.9736028 13143.26 0.2644086
0.9750276 1423.986 0.6255372
0.9752438 1427.937 0.6730964
0.9783836 7970.069 0.5515529
0.9787148 1770.198 0.3796917
0.9789061 2912.214 0.462424
0.9806886 6793.949 0.0002771517
0.9818743 1584.875 0.4394557
0.9829554 1465.666 0.8009534
0.9833404 9241.955 0.3953804
0.9851374 6374.911 0.006411157
0.9867632 1567.501 0.6692958
0.9879368 2433.423 0.3088676
0.9884844 6065.252 0.281446
0.9894058 2558.802 0.6144847
0.992089 12829.71 0.4572137
0.9922958 6943.339 0.05832019
0.9975625 4777.573 0.606042
0.999734 11118.77 0.3461127
1.002631 2903.616 0.5061172
1.004229 10027.02 0.2825343
1.004312 5245.346 0.2235779
1.004643 5067.105 0.1175394
1.005787 2170.25 0.5880845
1.008166 3314.428 0.4792516
1.00834 1569.474 0.7329164
1.008546 6264.801 0.0007841699
1.008627 3836.056 0.4443437
1.013062 1713.477 0.6364024
1.013912 8027.601 0.4515269
1.013913 13420.8 0.001829053
1.014415 2266.585 0.412917
1.016986 12242.19 0.2729517
1.018968 7400.025 0.6238395
1.019453 4225.47 0.2106473
1.0195 7867.863 0.3831491
1.025734 2189.998 0.3073484
1.028916 8267.761 0.2118118
1.029286 9176.942 0.08604463
1.029445 2253.699 0.1599562
1.031488 12685.18 0.1663981
1.033921 7902.628 0.3975051
1.034334 1860.672 0.3997723
1.034896 6290.519 0.3768535
1.036689 5389.145 0.00941839
1.039813 10210.72 0.2568996
1.042969 4283.483 0.5202241
1.04367 5067.961 0.1083165
1.046772 4597.737 0.5137242
1.047689 3192.158 0.4961106
1.051628 11350.96 0.1653491
1.052128 9790.701 0.212139
1.053541 2761.163 0.5494061
1.054711 4918.104 0.4153105
1.057735 5699.157 0.3859882
1.060992 6178.644 0.6783134
1.062044 4365.796 0.292386
1.06261 9275.62 0.5683605
1.064432 6835.151 0.02559919
1.069122 5853.561 2.644208e-07
1.070474 2011.809 0.4586402
1.070474 2307.401 0.4987742
1.070474 2532.908 0.4118357
1.070474 2714.784 0.3161186
1.070474 2989.361 0.2918386
1.070474 3878.856 0.221398
1.070675 12850.07 2.644208e-07
1.071365 2458.772 0.45079
1.07235 6878.871 0.4244012
1.07577 4644.082 0.411145
1.079437 7509.311 0.4981806
1.081418 4402.525 0.3635643
1.083284 14004.57 0.05524018
1.086847 5963.251 0.2261136
1.090375 8817.056 0.4360549
1.091462 5100.673 0.6668542
1.091701 9301.21 0.4043842
1.091806 12825.05 0.1529275
1.094379 2813.197 0.6693666
1.096231 3774.396 0.01285513
1.097175 7013.962 0.01697861
1.099344 4082.979 0.3673802
1.10176 11625.87 0.03917992
1.103021 6596.78 0.7239658
1.104349 5941.856 0.7772571
1.104657 6504.784 0.3706769
1.106205 6942.777 0.09792344
1.11125 7236.173 0.186263
1.11154 10259.31 2.644208e-07
1.115341 12436.46 0.2734782
1.117127 2183.817 0.5243358
1.119327 12886.34 0.3618572
1.122092 2011.737 0.4886132
1.122751 4751.116 0.170895
1.130469 4422.62 0.3680651
1.135915 4466.317 0.007881944
1.137299 11382.72 0.4100777
1.142022 4661.54 0.7003659
1.145319 7055.149 0.05729226
1.147302 9481.819 2.644208e-07
1.147364 10968.5 0.05157202
1.150052 4279.927 0.448271
1.151372 8788.138 2.644208e-07
1.164037 2077.769 0.6593793
1.170999 2569.821 0.4965451
1.177392 12732.39 2.644208e-07
1.178628 7382.354 0.01319411
1.181571 9070.947 0.1414948
# initCovFnParam= 0.619260384127231 1980.26056623123 0.76221225883689 4
