0.7314455 5747.99 0.06047573
0.736743 3552.847 0.3650712
0.7373027 9217.533 5.288415e-07
0.7383376 4539.349 0.3949918
0.7414274 7018.748 0.250824
0.7467944 13521.1 0.09745646
0.7480419 7559.96 0.3900762
0.7548554 10881.57 0.025767
0.7552655 1687.307 0.4071735
0.7559662 4694.043 0.2720706
0.7602501 12367.1 0.2695252
0.7629781 4384.392 0.07671612
0.769793 3895.796 0.2574989
0.7716027 10712.25 0.2696433
0.7754039 5420.546 0.4588001
0.7819926 2944.648 0.5058729
0.7919871 8651.742 0.2484129
0.8041919 6692.849 5.288415e-07
0.8075299 5057.886 0.1655695
0.8081993 10603.45 5.288415e-07
0.8090007 5906.818 0.2658482
0.8108925 3269.032 5.288415e-07
0.8156352 5533.955 0.3210537
0.8177941 6332.216 0.07176581
0.8206263 2654.304 0.3710834
0.8206263 2799.756 0.3785932
0.8206263 3318.274 0.2982168
0.8206263 3505.565 0.234841
0.8206263 3551.283 0.2834443
0.8206263 5828.769 0.05127286
0.8213394 3615.416 0.471779
0.8224356 6828.021 0.5070559
0.8245111 1920.282 0.7247521
0.8263475 8633.285 0.1958344
0.8279486 9886.503 0.1797432
0.8297201 5795.983 5.288415e-07
0.8308368 2904.488 0.7210356
0.8328089 7183.666 0.1407082
0.8330881 9920.524 0.09750051
0.8369267 6336.306 0.4246508
0.8370166 3112.502 0.1864994
0.8433223 4778.798 0.648918
0.8442965 8192.811 0.1780055
0.8461673 8088.568 5.288415e-07
0.8477852 2841.754 0.2172773
0.8514487 9029.232 0.433405
0.8518072 5862.878 0.02281819
0.8518497 8740.503 0.1062041
0.8560396 3800.949 0.02691688
0.8582695 3053.673 0.2966221
0.8586139 4848.208 0.05213819
0.8621101 4243.499 0.7436487
0.8642844 6449.393 5.288415e-07
0.8654135 6377.439 0.1569435
0.8677474 7271.355 0.07460788
0.8681226 3423.373 0.7419187
0.8767132 8007.879 0.6010919
0.8773885 8442.545 0.04856059
0.8810309 7617.685 0.3199195
0.8821802 3695.298 0.7686511
0.8824764 4043.394 0.3861316
0.8825563 5673.916 0.5341677
0.8873449 10968.51 0.1987413
0.8892943 3008.375 0.03629137
0.8896213 6211.632 0.7177079
0.8900371 1429.399 0.3051354
0.8978856 8322.793 0.117379
0.9023867 1781.705 0.6144266
0.9041042 2134.631 0.1763069
0.9045915 3194.624 0.2719023
0.9063618 2989.967 0.4743424
0.9082372 4316.783 0.3966366
0.9082783 3712.714 0.2290677
0.9082851 2387.4 0.3716756
0.9084781 3103.63 0.6430608
0.9107386 12859.98 0.04674532
0.910823 7689.493 0.6151873
0.9109691 9488.969 0.05099497
0.9123345 2893.057 0.7304338
0.912614 1687.955 0.3380011
0.9139226 12140.9 0.1559686
0.9143105 4537.287 0.5077105
0.9143202 10788.08 0.2560526
0.9143844 8244.908 0.3265102
0.9158409 2526.764 0.334214
0.9173888 6938.989 0.1491416
0.917594 4009.276 0.4522171
0.9176752 932.7356 0.9147175
0.917836 8586.121 0.6355667
0.918858 10947.35 0.2010792
0.9190786 2669.859 0.4117498
0.920122 4421.316 0.3147393
0.9203432 5394.734 0.1079815
0.920421 8158.583 0.0644819
0.9220137 3562.945 0.1872087
0.9225309 5111.31 0.2304393
0.9226911 6534.878 0.09407886
0.9230861 2310.165 0.236128
0.9231142 2553.849 0.3615723
0.9233666 4203.864 0.005487057
0.9248209 10468.18 0.2705758
0.9248416 11508.56 0.2442325
0.9249035 6108.214 0.1663233
0.926599 932.7356 0.9209327
0.9274203 6365.07 0.4389477
0.9283978 6831.208 0.3282146
0.9290981 11040.89 0.2978326
0.9299386 3958.969 0.1185115
0.9302611 11461.43 0.2448704
0.9303252 5914.573 0.09570124
0.9326988 2714.146 0.3514046
0.9351126 4356.63 0.3626171
0.9361522 2292.079 0.4930278
0.9362974 6604.687 0.2623198
0.9366526 3809.816 0.2359177
0.9373222 2451.559 0.6869459
0.9379395 3870.444 0.2211984
0.9384176 5879.687 0.02728771
0.9386444 3169.292 0.3060591
0.9401067 5425.605 0.630496
0.9408801 5065.598 0.004453021
0.9417987 9049.192 5.288415e-07
0.9424501 932.7356 0.9036149
0.9427357 932.7356 0.9058202
0.9443155 3474.817 0.264224
0.9460823 932.7356 0.925801
0.9464304 8126.056 0.1079693
0.9469369 4779.942 0.1197242
0.9480092 11502.76 0.3699215
0.9488723 1685.65 0.4190918
0.9497192 4227.049 0.1133471
0.9497347 9810.008 0.5068945
0.9499865 2891.246 0.4005532
0.9508399 1811.436 0.6859227
0.9517995 5045.813 0.1766638
0.9518064 7486.096 0.004645063
0.9521278 932.7356 0.9088917
0.9527723 8290.066 0.105693
0.9531265 3257.363 0.3338108
0.9552966 6195.962 0.3912339
0.955489 2569.909 0.3918344
0.956018 4102.398 0.5896351
0.9573967 5914.131 0.2232673
0.9583786 3044.518 0.2845216
0.9590425 13319.13 0.4614156
0.9607129 2022.646 0.311815
0.9679156 4581.031 0.162549
0.9687998 3185.377 0.527178
0.9693696 6549.024 0.000270708
0.9713243 3887.789 0.6685824
0.971653 12077.83 0.4904814
0.9733689 6092.054 0.0848701
0.9734359 3987.113 0.6204195
0.9738654 2755.906 0.348441
0.9741387 11774.13 0.2824325
0.9751689 6612.191 0.00508015
0.9763434 3273.632 0.2730033
0.9765261 6390.126 0.2544338
0.9776886 2642.831 0.06738104
0.9794147 10472.67 0.2402533
0.9800564 4966.162 0.5498427
0.9854878 6602.722 0.000936837
0.9872187 12935.54 0.3283671
0.9891631 5456.2 0.1674662
0.9901431 9732.328 0.348703
0.991848 4897.295 0.7634041
0.9918543 12215.87 0.3075755
0.993738 8633.085 0.1089948
0.9960729 2847.724 0.7158539
0.9986746 2144.167 0.8995521
0.9990082 4344.641 0.3828587
1.001754 12605.68 0.4749677
1.004886 4731.864 0.39876
1.005023 6867.902 0.3803564
1.008302 4111.614 0.4232096
1.013584 11030.6 5.288415e-07
1.013781 6065.612 0.6495629
1.016337 9327.998 0.4421614
1.016436 8702.437 0.3012449
1.017896 8795.787 0.03439599
1.020633 11015.94 5.288415e-07
1.020884 6594.557 0.00291358
1.02136 9248.005 0.01056535
1.021995 5728.378 0.4400327
1.022243 6193.624 0.5018497
1.023804 9223.512 0.2820658
1.02429 9982.383 0.3799926
1.025402 6598.176 0.006269083
1.027308 8149.956 0.5542184
1.027849 7365.601 0.1820063
1.029959 6591.581 0.002832736
1.030449 2625.109 0.6005572
1.03484 3894.414 0.1855612
1.040808 1207.037 0.5982557
1.044078 3361.798 5.288415e-07
1.0454 2766.807 0.1092578
1.045786 6819.104 0.463338
1.046489 6816.286 0.1617262
1.046844 6800.021 5.288415e-07
1.047316 3032.645 0.2241331
1.048883 10226.24 0.4713678
1.050242 9434.959 0.6434199
1.055202 3606.352 0.3688575
1.057286 6574.718 0.5426002
1.061165 5492.872 0.677088
1.0621 10350.24 0.3675286
1.062175 8761.823 5.288415e-07
1.06465 10454.66 0.0768859
1.065513 12841.55 0.2489253
1.067107 6592.89 0.01148295
1.06811 3278.902 0.2343607
1.06871 3675.572 0.302483
1.070349 2722.082 0.378254
1.070349 2782.739 0.3330934
1.070349 3321.484 0.2413766
1.070349 3595.679 0.1758246
1.070349 5514 0.04952757
1.070349 6465.169 0.1003181
1.073744 7584.786 0.1996911
1.07933 1846.145 0.4674806
1.082986 6483.422 0.7380963
1.083515 3523.762 0.4470157
1.08964 8423.703 0.2683221
1.089916 5863.386 0.07911081
1.091622 3762.295 0.06818945
1.099178 2652.797 0.8619087
1.102511 10491.31 0.1657709
1.103918 10718.34 0.07968325
1.104027 7785.494 0.5067027
1.104933 1458.674 0.6484299
1.105319 5933.753 5.288415e-07
1.107433 4616.693 0.3804919
1.114886 6841.119 0.1331579
1.115104 13127.85 0.6067373
1.116367 5030.208 0.5141739
1.120545 2815.01 5.288415e-07
1.12719 2961.958 0.4761004
1.136173 9270.334 0.0688089
1.139046 6229.72 5.288415e-07
1.14779 7726.751 0.4598349
1.148721 8505.16 0.3804538
1.151942 10633.27 0.07131527
1.156824 5515.385 0.2684495
1.160412 7702.265 0.3297131
1.161797 8716.873 5.288415e-07
1.167519 1415.628 0.6920495
1.167523 3309.256 0.3228101
1.167562 5536.907 0.5587864
1.174568 4977.186 0.4304489
1.174677 5144.276 5.288415e-07
# initCovFnParam= 0.603656183797903 1888.37213508676 0.732286727829311 4
