## Wed Feb 23 08:21:32 2022; Sample: 1; # of loci: 11; NrunsPerPoint=30;
## pointmin=1  pointmax=100 out of PointNumber=100
0.7555426 3826.857 0.09650112 195.43184 263.57895 92.561432 371.9639 450.22998 281.10422 204.31033 191.44844 444.92432 307.28644 324.94217 3127.782 
0.7622556 1490.946 0.6785911 195.32846 263.04004 92.579659 371.76337 450.2865 281.06949 204.38217 191.58255 445.82318 306.60855 325.11633 3127.5806 
0.7943795 3345.614 0.01925451 195.95247 263.70963 93.411247 372.04602 448.35837 281.15814 205.05284 191.96193 443.0098 307.49637 324.97156 3127.1284 
0.8151895 2718.35 0.3775363 196.22633 263.13895 93.577591 370.47723 449.04205 280.67917 204.83946 191.92151 444.21298 306.32492 324.21335 3124.6536 
0.8184894 1119.594 0.5551543 195.98643 263.01181 93.690369 371.85513 448.11075 281.17615 205.44421 192.25044 443.40433 306.53116 325.22162 3126.6824 
0.8197822 2415.165 0.6978281 196.32156 263.0033 93.597687 370.01746 449.60596 280.67654 204.82144 191.97643 445.00348 305.9368 323.9736 3124.9341 
0.8203284 2873.25 0.3573758 196.37154 263.12973 93.666313 370.29572 449.03235 280.66714 204.92165 191.97517 444.02655 306.28601 324.07428 3124.4463 
0.8203284 3142.069 0.3305335 196.36861 263.18811 93.674545 370.29782 449.08902 280.65427 204.90276 191.97629 444.07227 306.29483 324.05804 3124.5767 
0.8203284 3247.09 0.3191474 196.36584 263.13763 93.671463 370.3208 449.08051 280.64355 204.88853 192.0204 443.94843 306.36243 324.00665 3124.446 
0.8203284 3361.328 0.3418944 196.40871 263.09988 93.642563 370.20181 449.18433 280.66541 204.84505 192.00169 444.30029 306.2211 324.00113 3124.5723 
0.8203284 3361.328 0.3418944 196.40471 263.12399 93.653572 370.18967 449.20731 280.65427 204.854 192.01511 444.2836 306.23193 323.98328 3124.6016 
0.8203284 3469.567 0.3408778 196.38905 263.13364 93.664284 370.14709 449.33884 280.65927 204.85463 191.97559 444.27802 306.23413 323.94434 3124.6191 
0.8203284 3478.389 0.3009985 196.39073 263.14374 93.672859 370.26468 449.10782 280.65576 204.85391 191.96686 444.06702 306.29742 324.01025 3124.4312 
0.8226087 1886.217 0.7706937 196.31624 262.89767 93.67469 370.25742 449.3331 280.74194 204.95685 192.08549 444.81744 305.91132 324.09088 3125.083 
0.8274607 3239.112 0.4028956 196.47159 263.07886 93.791084 369.97079 449.18161 280.64383 204.88509 192.04807 444.32986 306.09918 323.85654 3124.3564 
0.8279406 2649.369 0.7177434 196.50139 262.94534 93.739418 369.80496 449.63339 280.61221 204.86877 192.08328 444.89343 305.87515 323.79312 3124.7505 
0.8314567 2690.295 0.5676304 196.53293 262.99307 93.821907 369.90546 449.24191 280.60718 204.98354 192.12325 444.57275 305.93457 323.87476 3124.5913 
0.8341215 2575.92 0.772467 196.60075 262.95505 93.860275 369.68814 449.49155 280.642 204.93344 192.13567 444.83786 305.80869 323.74731 3124.7007 
0.8367898 827.871 0.7280549 196.14037 263.01572 94.035706 371.95346 447.55688 281.19888 205.79614 192.49628 443.49097 306.36707 325.40622 3127.4575 
0.8378222 2313.437 0.6537499 196.5593 262.91425 93.943192 369.9068 449.00748 280.65045 205.06548 192.18892 444.32278 305.88565 323.89835 3124.3428 
0.8416046 2011.625 0.5057924 196.51353 262.93436 94.046837 370.20215 448.41064 280.68683 205.23724 192.23354 443.58752 306.07788 324.12244 3124.0527 
0.8416046 2011.625 0.5057924 196.52994 262.93417 94.061821 370.21005 448.25122 280.64563 205.23535 192.28458 443.52716 306.11829 324.12311 3123.9214 
0.8430019 1916.618 0.5335169 196.55505 262.95352 94.074257 370.15872 448.29184 280.67389 205.30789 192.32744 443.68277 306.08517 324.13913 3124.2498 
0.8529609 3534.059 0.3213824 196.89886 263.09955 94.270851 369.71161 448.51428 280.53568 205.25641 192.30629 443.45779 306.06464 323.67331 3123.7893 
0.8570989 2103.782 0.4565056 196.77054 262.99384 94.346275 370.09091 447.7955 280.60358 205.47066 192.411 443.00821 306.12662 323.98688 3123.604 
0.8594031 2090.619 0.520623 196.8506 262.98013 94.374481 369.85587 448.01337 280.54019 205.43323 192.44785 443.28519 305.96725 323.92953 3123.6775 
0.8603062 2261.241 0.7976943 196.96155 262.92844 94.356949 369.42703 448.77591 280.55804 205.25954 192.41016 444.17627 305.63928 323.64453 3124.1377 
0.861112 2077.504 0.377575 196.81628 263.00116 94.441696 370.2692 447.42645 280.62 205.60326 192.43034 442.59167 306.22784 324.03613 3123.4641 
0.8666091 1514.854 0.7879552 196.86028 262.82574 94.477875 369.94809 447.91992 280.66251 205.52661 192.51874 443.6131 305.6524 323.96777 3123.9729 
0.8727589 3041.489 0.3495117 197.1922 263.07773 94.638222 369.54175 447.81769 280.51868 205.48277 192.53534 442.86288 305.93649 323.59937 3123.2031 
0.8748837 3675.87 0.01732907 197.14365 263.53656 94.834373 370.70901 446.65698 280.6796 205.8584 192.65727 441.17523 306.75613 324.12604 3124.1333 
0.8778986 3267.291 0.369624 197.26932 263.05447 94.731766 369.33292 447.85846 280.42773 205.55452 192.55067 442.89044 305.86734 323.52533 3123.063 
0.8778986 3267.291 0.369624 197.27197 263.02704 94.736168 369.35223 447.89496 280.4274 205.59697 192.58083 442.97916 305.84381 323.56577 3123.2761 
0.881539 3305.548 0.1649542 197.26295 263.23868 94.862679 369.96817 446.99756 280.57886 205.7357 192.64742 441.72195 306.30295 323.79224 3123.1091 
0.8883114 2118.626 0.4768547 197.29172 262.91531 94.918266 369.57501 447.26151 280.4754 205.8609 192.72806 442.41202 305.83957 323.72116 3122.999 
0.8922802 5465.44 0.01732907 197.52032 263.27704 95.086014 369.5943 446.87778 280.48804 205.80093 192.6877 441.52158 306.25449 323.48849 3122.5964 
0.8959919 2578.458 0.6777835 197.50389 262.87469 95.016289 368.92233 447.8371 280.38586 205.76201 192.76234 443.26389 305.5137 323.31171 3123.1538 
0.900083 2512.411 0.5619569 197.55469 262.89172 95.11351 369.08673 447.49973 280.40396 205.88086 192.78722 442.7399 305.54984 323.39706 3122.905 
0.9007728 1303.833 0.9046831 197.42886 262.88431 95.151848 369.51782 447.23624 280.60574 205.972 192.91855 442.92142 305.40201 323.78091 3123.8198 
0.9041725 2775.718 0.4157533 197.62717 262.96182 95.198143 369.14502 447.17618 280.40967 205.94695 192.83746 442.33414 305.77332 323.42828 3122.8379 
0.9044462 3025.624 0.3481581 197.66519 263.01852 95.224571 369.12326 447.18265 280.41159 205.98277 192.88135 442.15033 305.8223 323.44617 3122.9087 
0.9165329 3830.942 0.1226123 197.89354 263.28098 95.529602 369.47394 446.24307 280.45587 206.20944 193.01508 441.04816 306.12567 323.50473 3122.78 
0.9320454 2103.078 0.5229605 198.0264 262.86374 95.723671 368.98062 446.35938 280.37015 206.44919 193.18416 441.6597 305.55896 323.44424 3122.6201 
0.9320454 2103.078 0.5229605 197.98981 262.9024 95.729172 369.05249 446.35657 280.39478 206.3884 193.18286 441.68484 305.53079 323.43896 3122.6511 
0.9336738 1610.214 0.6115164 197.89879 262.81223 95.749435 369.35974 446.1539 280.47739 206.46327 193.27216 441.51187 305.54373 323.60196 3122.8447 
0.9371752 3313.222 0.4278701 198.24582 262.97256 95.814117 368.54401 446.78345 280.33246 206.30641 193.20319 442.00269 305.49255 323.07037 3122.7676 
0.9388834 1436.002 0.8683117 198.04286 262.84396 95.842323 368.98697 446.44138 280.50729 206.45049 193.3114 442.12527 305.24234 323.45328 3123.2478 
0.9399783 2312.462 0.581755 198.18883 262.91699 95.854431 368.70377 446.58121 280.37668 206.4455 193.29185 441.89862 305.41068 323.27618 3122.9446 
0.9431324 2555.704 0.3451678 198.24426 263.03903 95.974602 369.05722 445.86914 280.41449 206.51904 193.30026 441.01144 305.7323 323.41605 3122.5776 
0.9437243 901.4949 0.8904042 197.98248 262.79373 95.98011 369.85681 445.71848 280.80069 206.81911 193.54811 441.51968 305.34152 324.16248 3124.5234 
0.9445134 901.4949 0.9042534 197.94438 262.8804 95.994377 369.84714 445.81219 280.85861 206.83415 193.54321 441.72162 305.31705 324.1106 3124.8638 
0.9456129 2116.818 0.7528069 198.30206 262.82364 95.938705 368.53278 446.65213 280.3479 206.45795 193.32715 442.21323 305.23975 323.14951 3122.9846 
0.9463339 3510.681 0.3394657 198.38904 263.01962 95.999039 368.59375 446.41687 280.33344 206.42976 193.28421 441.48727 305.60458 323.0867 3122.6443 
0.9473233 2666.64 0.4587582 198.36452 262.97314 95.990723 368.68756 446.3335 280.36145 206.51216 193.3083 441.59589 305.5188 323.16153 3122.8076 
0.9473233 2666.64 0.4587582 198.31967 262.95221 95.997383 368.672 446.30331 280.33044 206.50757 193.3107 441.56085 305.49081 323.1673 3122.6121 
0.9485599 3678.337 0.1474975 198.4167 263.22501 96.11042 369.05203 445.54987 280.39648 206.58426 193.3401 440.54245 305.94531 323.30057 3122.4631 
0.9504703 901.4949 0.9344921 198.11995 262.87582 96.112167 369.78781 445.67105 280.8147 206.82451 193.54994 441.72775 305.28897 323.99411 3124.7668 
0.9526423 901.4949 0.9434306 198.13284 262.9725 96.159172 369.6875 445.7363 280.80844 206.88014 193.59009 441.5838 305.24591 324.00952 3124.8062 
0.9526651 3489.339 0.1753548 198.44701 263.21307 96.185944 369.02783 445.69122 280.39661 206.64954 193.38841 440.55646 305.92993 323.22873 3122.7148 
0.9534793 2149.089 0.4390267 198.36345 262.98557 96.149811 368.86841 445.71158 280.45166 206.72697 193.44452 440.95786 305.60986 323.39987 3122.6694 
0.9534814 901.4949 0.9559642 198.15495 262.97598 96.163681 369.62796 445.72086 280.724 206.84154 193.631 441.70935 305.20447 323.97952 3124.7334 
0.9547057 901.4949 0.9361339 198.14011 262.84479 96.208107 369.67316 445.5437 280.74689 206.90916 193.59793 441.4859 305.25735 324.01166 3124.4187 
0.9598472 2643.109 0.6609767 198.57626 262.91815 96.207321 368.29822 446.55933 280.30222 206.62416 193.47862 441.95337 305.25485 323.04047 3123.2131 
0.9625933 3289.998 0.350809 198.66246 263.04062 96.314743 368.42896 446.07639 280.27255 206.70779 193.4568 441.14926 305.50201 323.03787 3122.6494 
0.9662965 1778.665 0.808986 198.5849 262.84793 96.326492 368.50592 446.15933 280.42993 206.76753 193.57655 441.69016 305.17096 323.2287 3123.2886 
0.9662965 1778.665 0.808986 198.58633 262.86026 96.332764 368.47717 446.12399 280.41608 206.81017 193.57779 441.78 305.1069 323.17798 3123.2495 
0.9788008 3964.781 0.03910158 198.8931 263.46124 96.750931 369.16382 444.66556 280.54688 207.15523 193.7312 439.45389 306.11618 323.36938 3123.3076 
0.9818696 2057.661 0.6266986 198.8419 262.89636 96.62439 368.43158 445.64584 280.37534 207.01335 193.72165 441.11417 305.24274 323.14664 3123.054 
0.9842757 3263.339 0.298766 199.04353 263.1319 96.721947 368.33594 445.46848 280.30096 207.06177 193.75671 440.52026 305.53873 322.98093 3122.8613 
0.9907402 2701.525 0.3400166 199.0672 263.0799 96.850952 368.51651 445.22296 280.36148 207.21428 193.83388 440.28403 305.53885 323.07855 3123.0486 
0.991518 2343.063 0.3576555 199.02936 263.05759 96.883995 368.67752 444.87076 280.39728 207.30881 193.86043 440.01822 305.595 323.19815 3122.8972 
0.9955488 2808.252 0.2373092 199.15814 263.19351 96.979134 368.73163 444.6655 280.40692 207.33696 193.8609 439.83777 305.77014 323.25439 3123.1948 
0.9956294 2268.742 0.6511227 199.14203 262.89276 96.883629 368.12704 445.53699 280.28677 207.16374 193.89265 441.08835 305.19214 322.93304 3123.1392 
0.9965045 4023.329 0.04526943 199.20219 263.39807 97.05423 369.01266 444.40787 280.49728 207.42604 193.87395 439.1044 306.05176 323.27014 3123.2988 
1.005623 2635.864 0.5503755 199.34442 262.97214 97.067184 367.978 445.48431 280.3642 207.32347 193.97215 440.86938 305.21735 322.9007 3123.4932 
1.006382 3390.118 0.2511243 199.36781 263.21127 97.17366 368.29001 444.94156 280.29782 207.37959 194.01013 439.9794 305.52866 322.94052 3123.1204 
1.006382 3390.118 0.2511243 199.35522 263.21524 97.15226 368.25443 444.91534 280.32053 207.32811 193.9791 439.92212 305.53763 322.9238 3122.9038 
1.006738 3369.374 0.2264576 199.39735 263.22 97.173119 368.40442 444.80807 280.33954 207.42642 193.99232 439.73343 305.61862 323.02081 3123.134 
1.007499 4070.845 0.165669 199.4592 263.24255 97.187546 368.27722 444.81677 280.3129 207.42561 193.96857 439.82275 305.63968 322.92877 3123.0815 
1.008042 3965.214 0.2118672 199.42747 263.21677 97.189774 368.17603 444.9931 280.31183 207.34048 193.9911 439.97333 305.51157 322.89328 3123.0247 
1.015053 4424.935 0.01732907 199.54623 263.47089 97.406471 368.90079 444.05508 280.46997 207.66853 194.08904 438.86404 306.05292 323.22885 3123.7527 
1.016091 3810.671 0.2791409 199.61194 263.17371 97.319901 367.9787 445.05667 280.30331 207.45685 194.0723 440.13797 305.39655 322.80716 3123.3149 
1.03055 3590.438 0.1653977 199.78299 263.32413 97.658981 368.31287 444.19693 280.44385 207.76921 194.28691 439.13452 305.69241 323.02127 3123.624 
1.03501 2397.596 0.5545029 199.80225 263.02258 97.62944 367.88766 444.76541 280.34442 207.81445 194.35263 440.15814 305.12811 322.90854 3123.8135 
1.041461 3675.756 0.3108821 199.99319 263.20499 97.76873 367.78986 444.71585 280.29318 207.83452 194.41734 439.75983 305.32156 322.74686 3123.8457 
1.042282 3184.616 0.3183724 199.98642 263.2272 97.806396 367.95334 444.44418 280.32123 207.90739 194.40076 439.58289 305.37823 322.83279 3123.8408 
1.042365 4046.454 0.1694477 200.03865 263.35901 97.832977 368.00742 444.24603 280.29678 207.90376 194.40924 439.23895 305.51373 322.81702 3123.6636 
1.042365 4046.454 0.1694477 200.07028 263.31213 97.837372 368.06238 444.27008 280.2933 207.89209 194.40242 439.27991 305.57019 322.86057 3123.8508 
1.044956 2429.451 0.5346803 199.96649 263.034 97.824066 367.86877 444.64691 280.37015 207.91998 194.47087 440.03967 305.18112 322.83444 3124.1567 
1.047995 2900.545 0.5761459 200.12923 263.08105 97.857513 367.54703 444.95212 280.29007 207.91377 194.46674 440.36368 305.08255 322.68527 3124.3691 
1.063577 3630.904 0.3545179 200.42079 263.21994 98.17585 367.57886 444.46667 280.28897 208.15698 194.65509 439.64447 305.24368 322.61343 3124.4648 
1.063599 3971.548 0.1842828 200.40948 263.31342 98.251144 367.91409 443.91571 280.32349 208.24532 194.67078 439.02661 305.52408 322.79395 3124.3882 
1.065872 769.5678 0.984453 200.07481 263.09537 98.268486 369.07599 443.58096 280.8902 208.56732 194.96017 439.79138 304.98727 323.80786 3127.0999 
1.067927 2986.904 0.4231413 200.42619 263.16071 98.253769 367.63712 444.15866 280.31396 208.24318 194.71062 439.57098 305.2226 322.75357 3124.4517 
1.069426 3792.614 0.2818037 200.51447 263.29877 98.321716 367.63489 444.16336 280.32162 208.24533 194.70979 439.36572 305.32935 322.68134 3124.5864 
1.07277 2272.184 0.5430212 200.43408 263.10019 98.326538 367.73132 444.06442 280.41998 208.35287 194.81255 439.52066 305.12659 322.82462 3124.7144 
1.07277 2551.13 0.3899753 200.48318 263.19757 98.37001 367.84482 443.819 280.36588 208.4057 194.80009 439.07745 305.30679 322.89957 3124.5701 
1.07277 2621.955 0.3666322 200.50519 263.18582 98.364204 367.89911 443.84949 280.36578 208.4059 194.76544 438.96826 305.3392 322.91937 3124.5679 
1.07277 2621.955 0.3666322 200.47688 263.2037 98.370529 367.88593 443.76135 280.33047 208.44118 194.8228 439.04413 305.38516 322.8891 3124.6116 
1.07277 2753.158 0.3554331 200.49159 263.19421 98.367081 367.80014 443.78787 280.39706 208.41872 194.78416 439.11975 305.33887 322.87424 3124.5735 
1.07277 2888.326 0.392957 200.50781 263.19284 98.336182 367.66745 444.02765 280.32986 208.35365 194.76283 439.3736 305.21176 322.82455 3124.5879 
1.07277 3760.563 0.2749004 200.56436 263.29364 98.375008 367.60999 444.07562 280.3631 208.34242 194.7859 439.25711 305.3533 322.70139 3124.7219 
1.075748 3402.154 0.3055995 200.6261 263.26944 98.431305 367.61856 444.07263 280.34714 208.37578 194.82607 439.17804 305.30466 322.71811 3124.7678 
1.079563 4076.248 0.01732907 200.62645 263.58832 98.636887 368.54718 442.91287 280.55304 208.68213 194.94226 437.72385 305.97525 323.14426 3125.3328 
1.081271 3345.603 0.2559229 200.68591 263.32458 98.554642 367.72528 443.5509 280.35681 208.53886 194.89851 438.81866 305.42776 322.80676 3124.6885 
1.090047 3608.38 0.2300076 200.89897 263.37222 98.698456 367.67834 443.54922 280.3764 208.63206 194.98997 438.68167 305.43854 322.69971 3125.0154 
1.092688 3355.259 0.2790993 200.90047 263.32623 98.742409 367.61127 443.49954 280.33093 208.63737 195.05333 438.73853 305.36212 322.69254 3124.8948 
1.094145 3163.127 0.1869534 200.92366 263.44449 98.829742 368.07944 443.04706 280.49002 208.82545 195.07109 438.03436 305.56412 322.96542 3125.2749 
1.107967 3183.489 0.4108551 201.1747 263.2962 99.000252 367.28928 443.69052 280.405 208.83635 195.21672 439.06427 305.14624 322.60141 3125.7207 
1.107967 3183.489 0.4108551 201.19388 263.28723 99.001961 367.28958 443.66742 280.35287 208.82149 195.20834 439.09149 305.13696 322.61472 3125.6663 
