1.474648 2546.982 0.9989157
1.492826 3355.862 0.7570281
1.51948 3133.883 0.3749809
1.533779 2593.993 0.9906488
1.544929 1453.98 0.9989667
1.553347 4460.418 0.9516527
1.556305 5196.709 0.9958578
1.573978 5900.815 0.9940691
1.592588 5019.238 0.9901765
1.618514 2600.177 0.9138273
1.618793 3790.449 0.5651143
1.620199 6465.096 0.9160558
1.623623 2444.476 0.9989667
1.63881 5947.722 0.9989667
1.640383 6046.416 0.4515074
1.653207 5000.044 0.9989667
1.654853 5608.642 0.9946899
1.655692 3581.514 0.9833007
1.659684 1940.838 0.9683648
1.672561 1755.26 0.9497316
1.677719 7498.687 0.9917871
1.692398 6458.135 0.7890346
1.726526 4310.894 0.9876796
1.73513 1056.872 0.956613
1.735853 6758.142 0.9772398
1.747165 1647.087 0.5060595
1.755096 908.4732 0.9368613
1.756871 7785.906 0.8179004
1.761317 5538.953 0.8728435
1.766923 1857.877 0.4259945
1.76922 4413.662 0.6417014
1.773708 10338.02 0.2660457
1.776033 1099.268 0.99201
1.782291 3769.273 0.9947237
1.78763 3168.956 0.9962424
1.804074 6861.708 0.9929451
1.808292 5074.422 0.9022534
1.808854 3281.412 0.9929719
1.811496 6602.987 0.9873587
1.817735 5278.16 0.9890526
1.818123 5623.166 0.8771577
1.818817 7827.767 0.9729311
1.823052 6153.777 0.9978801
1.828301 5930.818 0.8093147
1.829096 7051.511 0.6605067
1.831395 4041.46 0.9989667
1.83655 10257.92 0.881251
1.837536 8993.905 0.6311493
1.838005 9486.099 0.9926371
1.849377 2476.073 0.7821161
1.85037 8823.656 0.1196761
1.859009 5463.02 0.9331816
1.860535 8652.982 0.9982453
1.862156 3724.812 0.9778818
1.864707 5797.473 0.9919698
1.87703 1631.787 0.8179228
1.881252 5744.723 0.9604868
1.885112 2237.126 0.9135664
1.891603 2077.006 0.8287843
1.895431 2032.412 0.6438616
1.896574 10507.15 0.3380986
1.896914 1396.791 0.1880737
1.899472 6248.514 0.9176735
1.901126 8322.196 0.9307424
1.906024 2569.524 0.3252088
1.91709 5182.177 0.6841572
1.920694 7476.658 0.4067779
1.921021 4047.261 0.9989667
1.923477 8874.387 0.9723913
1.926564 10953.58 0.9109664
1.927417 1496.802 0.446408
1.927454 9034.59 0.9942774
1.931903 3816.793 0.4747159
1.931951 11096.52 0.0002705644
1.932252 9985.694 0.8149438
1.936049 2349.967 0.890391
1.93786 1835.365 0.372819
1.93923 8192.579 0.9689718
1.939919 1122.648 0.8448427
1.942095 5963.551 0.945894
1.943959 6434.955 0.9987844
1.945704 10568.78 0.6746209
1.949524 10847.15 0.0002705644
1.949947 6116.861 0.9949368
1.952439 2778.087 0.9968029
1.95467 9354.513 0.6566972
1.96017 3194.437 0.9069802
1.967637 712.7068 0.8736288
1.967638 9842.36 0.9388517
1.969592 3203.195 0.03640224
1.972227 10845.53 0.9989667
1.974021 2555.496 0.1719507
1.974224 1632.518 0.4023132
1.974705 1106.356 0.762864
1.976353 1632.674 0.3530556
1.977956 2843.831 0.06776601
1.979664 3628.898 0.7712387
1.981136 1631.628 0.4652699
1.981142 1850.273 0.06303273
1.982367 1281.27 0.9503068
1.983248 5925.429 0.3303878
1.983885 4968.328 0.919214
1.984117 1063.2 0.9840514
1.98436 9422.734 0.980834
1.984998 1632.19 0.385765
1.986163 384.6126 0.9493363
1.988478 7291.59 0.7162089
1.9919 7017.349 0.9949866
1.995 1817.979 0.4150297
1.995179 988.3333 0.628065
1.996683 2705.769 0.7300316
1.997047 1631.221 0.4503108
1.997266 951.717 0.9637981
2.00031 5552.14 0.973875
2.005583 9822.605 0.9970981
2.007797 1949.08 0.238486
2.009906 3137.519 0.002235861
2.010321 7956.007 0.9968124
2.010362 1631.919 0.4234641
2.012186 1229.856 0.9925973
2.014378 1627.79 0.2229612
2.014764 8441.708 0.5466647
2.015203 4384.757 0.9512875
2.016067 5572.875 0.9973043
2.017688 1204.197 0.9036842
2.021808 2752.652 0.4784953
2.031385 1935.128 0.9720838
2.033245 1187.415 0.966874
2.035245 3343.098 0.9788229
2.038372 6192.825 0.9989667
2.045406 5161.516 0.8439854
2.046465 9017.253 0.982778
2.046853 1062.664 0.7371052
2.046974 1791.089 0.9560435
2.048507 8592.134 0.9833189
2.052834 1060.804 0.8999842
2.058393 2214.374 0.7882497
2.059661 2376.651 0.04414505
2.060425 8928.62 0.9977639
2.061297 484.2514 0.8374475
2.061893 1778.772 0.2599078
2.062078 2518.624 0.975693
2.069377 1570.847 0.9024822
2.072435 3124.008 0.992906
2.080838 654.3296 0.8966469
2.086733 3765.203 0.8912188
2.089945 3909.809 0.9940738
2.090704 10366.27 0.329548
2.093747 10237 0.7885706
2.096139 8092.528 0.9722965
2.097093 1199.42 0.707624
2.097666 4238.376 0.8962999
2.103293 7026.592 0.9957147
2.106747 9133.14 0.0002705644
2.111353 3732.062 0.9545348
2.117777 4408.274 0.9917635
2.118206 7706.14 0.8920987
2.121247 4531.165 0.9957274
2.123167 5264.696 0.07934267
2.124628 4844.696 0.9818811
2.130464 1895.724 0.9712053
2.130791 1400.38 0.5100537
2.133528 2856.171 0.7281854
2.133845 1865.991 0.328762
2.137361 7531.174 0.8550294
2.138 3641.235 0.9889563
2.138981 3351.652 0.1070652
2.13981 7276.139 0.9471151
2.148666 7532.907 0.9176318
2.151036 975.3458 0.02168311
2.155405 7446.541 0.7062408
2.159065 5754.602 0.9337591
2.159814 11301.2 0.0002705644
2.162074 6864.817 0.9813278
2.163793 8190.98 0.2627537
2.164951 10761.97 0.9989667
2.165932 1522.123 0.3742054
2.16634 8488.705 0.859135
2.18298 6578.626 0.5087009
2.185076 6603.573 0.9859799
2.188523 2593.385 0.9969835
2.196873 6666.497 0.9936339
2.199033 6119.845 0.3664667
2.204597 6075.17 0.9987047
2.205042 8732.985 0.3490426
2.205519 6574.955 0.9989667
2.209723 9077.236 0.907301
2.21258 2836.943 0.1639919
2.215458 9632.179 0.9595631
2.216058 10239.7 0.0002705644
2.224335 7871.462 0.8210973
2.23161 2076.657 0.911587
2.23189 3407.485 0.2660886
2.238689 5989.253 0.9789015
2.240757 10520.16 0.9236234
2.241282 7956.58 0.9922245
2.245802 6174.46 0.9909784
2.248353 9469.378 0.9827811
2.251237 3828.384 0.9365582
2.262008 1573.661 0.9784974
2.273859 4139.089 0.917532
2.280017 4465.415 0.6598285
2.281787 7169.427 0.9792785
2.284589 2423.202 0.9903023
2.284855 5596.468 0.03523965
2.286379 8123.271 0.05818714
2.291025 9412.66 0.9239511
2.301644 3712.036 0.9960197
2.302754 4633.768 0.9230858
2.302808 7517.579 0.9981524
2.308843 6144.567 0.1631334
2.321282 2060.98 0.9152744
2.323379 7797.527 0.8374383
2.323669 9832.001 0.9884387
2.325423 10763.45 0.7547044
2.328887 5758.213 0.9941659
2.334523 7704.889 0.7681035
2.34493 10086.75 0.992034
2.350914 5735.722 0.9704221
2.352852 10712.02 0.7785319
2.359705 10565.47 0.888565
2.374085 7767.082 0.9958075
2.378064 8858.297 0.6656362
2.384301 9160.99 0.9925033
2.386735 4660.953 0.02683973
2.388634 8423.965 0.9581071
2.394146 2811.1 0.9948409
2.395703 3635.218 0.9966726
2.399861 5234.069 0.8086957
2.40779 6570.417 0.9418988
2.418498 3885.911 0.9706274
2.419941 9426.266 0.2819593
2.430288 2708.492 0.9610552
2.447306 7860.69 0.9814261
2.453383 873.8617 0.9785038
2.458931 1202.686 0.9729446
2.461031 4084.735 0.8357053
2.467262 1173.039 0.0002705644
2.467277 5379.104 0.9138991
2.498118 9122.255 0.0002705644
2.501903 1588.415 0.7837904
2.50353 5391.249 0.9989667
2.545157 2114.98 0.6843254
2.569159 4437.97 0.9944629
2.569952 7386.858 0.0002705644
2.582962 2387.076 0.9276841
2.59364 3491.842 0.9889968
2.604335 7160.884 0.0002705644
2.621746 6006.407 0.7119069
2.67471 1569.444 0.1626855
# initCovFnParam= 1.85924507175666 1450.95353130298 9.22434797261772 4
