1.501958 3832.862 0.8500619
1.51221 6438.106 0.9985388
1.539071 4237.01 0.586259
1.540675 5812.258 0.2495208
1.54299 6651.275 0.9985388
1.555039 2310.156 0.7223241
1.566194 3728.114 0.8395646
1.570547 5777.53 0.7442802
1.572316 3545.691 0.06653221
1.58092 2015.263 0.9798753
1.588438 4012.782 0.9959723
1.598397 997.5367 0.9177826
1.605771 1393.965 0.9945326
1.607816 1734.984 0.9656168
1.615654 5675.293 0.5416142
1.625242 7281.929 0.8299441
1.629717 7578.324 0.9836108
1.631257 3345.567 0.3738994
1.632576 4044.592 0.5976099
1.638037 3920.609 0.9844803
1.638683 2224.066 0.9963814
1.645569 5811.101 0.7322123
1.647956 836.3891 0.9572597
1.653166 6758.256 0.9783888
1.664019 1510.206 0.6258255
1.66456 5546.919 0.3307545
1.669621 5241.339 0.9209642
1.676039 4475.707 0.9751975
1.676867 4124.859 0.08807181
1.68137 7874.043 0.9972089
1.682002 5623.759 0.8704658
1.686799 8423.988 0.9959145
1.694494 3382.732 0.9973051
1.694814 3968.092 0.5956844
1.696803 4797.757 0.7375946
1.71332 4895.279 0.9207713
1.715304 970.9946 0.8431845
1.723376 1502.033 0.9921119
1.723446 2336.749 0.9755853
1.72376 7672.776 0.9589688
1.727714 5776.828 0.989827
1.727893 5877.049 0.774742
1.729697 4491.31 0.9980689
1.731312 8637.261 0.6869346
1.747288 1062.052 0.9870115
1.755909 8694.999 0.996615
1.764817 7014.015 0.9406688
1.765481 3603.033 0.7768173
1.766333 8313.5 0.9903811
1.773568 2706.826 0.9953593
1.783727 10062.37 0.8537673
1.78464 3142.353 0.8640349
1.797135 8002.792 0.9897195
1.799607 5517.146 0.9967214
1.805172 8651.281 0.9725242
1.808604 4706.989 0.1350812
1.812237 3126.748 0.9933302
1.818417 1974.557 0.996035
1.820929 2123.419 0.8119102
1.823331 3869.967 0.9228402
1.825421 1451.643 0.9930853
1.831717 4305.549 0.9887448
1.844904 1327.895 0.992656
1.844906 9372.893 0.9985388
1.846064 6878.123 0.9985388
1.854069 3975.254 0.9935487
1.857474 6291.802 0.8320099
1.870586 1613.239 0.6601443
1.871951 1816.352 0.9906009
1.873525 867.576 0.9773516
1.873791 9076.625 0.7626077
1.884779 4189.974 0.7800683
1.899877 5592.136 0.9358481
1.900537 4469.812 0.09749782
1.903088 7988.36 0.3146778
1.905078 8403.069 0.9748387
1.90773 2016.987 0.9872584
1.913951 9797.941 0.9886908
1.916799 7295.126 0.99089
1.916879 408.4242 0.8290389
1.926714 3499.045 0.5082322
1.930609 3075.65 0.9378578
1.941753 10273.92 0.9497442
1.941764 1398.345 0.6747972
1.942953 1618.718 0.5992212
1.9445 5887.405 0.9749263
1.947272 1045.544 0.9865489
1.951666 2598.409 0.9951701
1.954391 9209.017 0.9328011
1.954977 2075.125 0.7417764
1.955738 1802.465 0.9779729
1.959172 8042.366 0.8497665
1.961162 1878.351 0.6628109
1.963086 2575.557 0.1419471
1.963688 1547.978 0.9902117
1.968864 1298.919 0.4438522
1.97198 4982.019 0.9633687
1.972587 1689.616 0.9891124
1.974248 449.6673 0.8944455
1.974324 967.8851 0.6855675
1.975818 2843.105 0.9893476
1.976316 1634.218 0.8395965
1.979383 6518.77 0.8391218
1.987954 1374.809 0.8237679
1.993431 1853.495 0.6612659
1.994306 2829.692 0.8247455
1.996925 716.479 0.9541434
1.997869 4671.565 0.7453362
1.999589 1558.546 0.8836725
1.999592 8242.931 0.9693669
2.010176 1099.43 0.7164173
2.012657 8729.582 0.7754359
2.01435 1308.505 0.9866806
2.014539 2045.583 0.9898007
2.015587 8864.855 0.933268
2.017923 4718.729 0.5171515
2.019301 6931.64 0.9985388
2.020464 1379.226 0.512537
2.021385 2282.05 0.3186077
2.022286 1419.01 0.4324504
2.025031 3973.281 0.9809989
2.025182 4126.076 0.9600364
2.029248 1320.495 0.8769624
2.029815 6934.849 0.9106517
2.032163 1235.136 0.9318578
2.037279 1143.504 0.6219905
2.0412 1389.749 0.395611
2.044199 9299.107 0.9557481
2.04609 1387.782 0.8395872
2.046374 1358.476 0.6015253
2.051925 5133.919 0.9590425
2.053184 1219.584 0.9318881
2.054381 4148.506 0.8938081
2.063888 1766.153 0.9770621
2.064049 1188.918 0.2792664
2.064919 1216.597 0.9738104
2.066304 3809.175 0.8570745
2.068187 9474.43 0.9880141
2.071418 8199.814 0.9718589
2.074055 1041.348 0.5053809
2.076952 2313.438 0.9384993
2.077006 9665.504 0.7933731
2.077891 8390.198 0.9922826
2.079924 6476.323 0.9967537
2.081607 1463.524 0.48725
2.084751 9027.059 0.8208872
2.087931 5260.023 0.9744475
2.08855 3688.412 0.1181623
2.088711 8478.914 0.8772344
2.092014 1476.047 0.6769292
2.095094 1583.67 0.3777915
2.099126 4689.802 0.9928461
2.102 971.2349 0.9746339
2.104631 1818.955 0.2623995
2.110463 1115.138 0.9794269
2.110761 6605.839 0.7225433
2.11183 9056.542 0.9985388
2.113391 3259.446 0.7229225
2.117454 444.0557 0.7435106
2.12986 1995.326 0.986573
2.133732 7168.578 0.9821393
2.143239 6194.875 0.9985388
2.161551 6379.508 0.6519625
2.166052 8066.149 0.3358734
2.166105 6972.01 0.9485998
2.168294 3061.945 0.1434361
2.174173 8110.661 0.9889845
2.174609 6460.093 0.9720345
2.18001 9421.439 0.5993487
2.180139 6255.831 0.1922493
2.181594 3313.547 0.4148563
2.18465 6096.127 0.333695
2.192645 7470.975 0.9950193
2.194576 7820.275 0.002085052
2.197282 6924.284 0.5516266
2.197673 2645.125 0.9889909
2.201277 6913.11 0.9972175
2.205687 9548.652 0.5958947
2.205727 5713.071 0.9630471
2.206542 6953.143 0.995077
2.209141 898.0802 0.1886558
2.211056 5472.635 0.589174
2.215251 2484.814 0.975492
2.21541 7443.448 0.7775156
2.22393 9620.686 0.9896373
2.231723 1809.63 0.8798281
2.234954 1774.361 0.05496868
2.238477 5936.512 0.6897756
2.254453 8655.898 0.2141913
2.269461 5335.292 0.9975169
2.283545 9245.627 0.9960574
2.284544 9581.809 0.3743473
2.285643 2160.04 0.9154219
2.289354 3504.577 0.0005408849
2.289442 9700.791 0.9543048
2.289804 5242.864 0.973944
2.294899 1392.662 0.8309433
2.29535 9012.199 0.7524115
2.295871 6525.288 0.9963256
2.298518 6530.32 0.9941714
2.299267 10165.36 0.9985388
2.308465 3317.318 0.1700208
2.309599 6823.804 0.1659699
2.312126 3295.062 0.5804321
2.321993 9070.535 0.5892996
2.323788 6739.235 0.996103
2.327253 7991.959 0.9936476
2.327812 3936.85 0.123895
2.328307 2647.149 0.9735076
2.328502 6852.764 0.6511703
2.329348 6776.91 0.1507588
2.33025 3595.496 0.9833021
2.344119 4407.007 0.9233537
2.352039 5490.787 0.9694576
2.352267 5952.609 0.4135362
2.362712 8070.929 0.9833418
2.363422 4861.417 0.9490381
2.364643 3302.993 0.9714201
2.364666 7325.453 0.9528525
2.380416 8139.987 0.9954332
2.391437 9116.097 0.9905837
2.395662 2869.272 0.002739975
2.396393 7383.165 0.8728082
2.39967 10921.53 0.7633164
2.410292 4435.285 0.9097654
2.427287 9098.764 0.7859173
2.429703 5318.436 0.9015044
2.434398 5941.317 0.9871033
2.435065 3832.058 0.8616318
2.437372 2760.014 0.7602785
2.438865 8233.124 0.9548623
2.439237 2483.253 0.9041241
2.454117 4343.92 0.9896325
2.464684 6178.39 0.5330928
2.473252 2129.345 0.1661313
2.475806 8181.648 0.9985388
2.486881 6192.608 0.9572658
2.491782 7994.551 0.7741317
2.496728 7278.077 0.3874371
2.505075 7394.004 0.0005408849
2.508254 4344.432 0.4330495
2.517295 9414.089 0.4008585
2.550686 5722.739 0.0005408849
2.581828 1772.667 0.9840822
2.582625 1386.84 0.843192
2.58524 2347.168 0.8856247
2.592271 3895.565 0.0005408849
2.596402 5415.89 0.8168695
2.603226 3822.713 0.998018
2.618445 6342.481 0.0005408849
# initCovFnParam= 2.00384040809486 1331.46400271456 6.7444391627851 4
