## Tue Mar  1 09:19:25 2022; Sample: 1; # of loci: 8; NrunsPerPoint=30;
## pointmin=1  pointmax=100 out of PointNumber=100
1.759706 20.55762 0.950721 149.44438 69.14621 304.10291 191.01495 148.21385 127.23114 330.77557 315.15842 1635.0874 
1.772581 20.55762 0.9583237 149.37521 69.260002 303.43826 190.98108 148.54793 127.53986 330.47729 314.92529 1634.5449 
1.77697 20.55762 0.9261451 149.6795 69.475822 304.89325 191.24316 148.62891 127.55912 330.93674 314.8656 1637.2821 
1.789988 20.55762 0.9074692 149.74037 69.506836 304.86447 191.59508 148.89821 127.68209 331.64447 315.68442 1639.616 
1.81104 356.3437 0.9163898 135.87727 66.119171 267.69101 176.82817 135.9782 116.28143 293.47696 276.95874 1469.2109 
1.8152 20.55762 0.9536853 149.44376 69.665916 303.30826 191.46907 148.65321 127.60374 329.85172 314.03949 1634.0352 
1.817696 20.55762 0.9544932 149.12997 69.560272 303.25204 190.82529 148.6875 127.66783 329.81891 313.9357 1632.8776 
1.8331 735.7587 0.9057675 134.99132 66.137123 266.43466 176.92117 135.74823 115.47608 292.28531 275.35794 1463.3518 
1.835483 1301.522 0.9826565 134.69429 66.066948 266.20038 177.41467 135.86307 115.16883 292.05215 275.12167 1462.582 
1.835948 1488.804 0.9821802 134.61288 66.053116 266.13531 177.51906 135.94337 115.05438 292.05145 275.20538 1462.575 
1.835948 1488.804 0.9821802 134.65237 66.08799 266.11136 177.46059 135.89278 115.08717 291.9993 275.17432 1462.4658 
1.839081 592.0145 0.9519388 135.19655 66.17276 266.4595 176.89401 135.73045 115.70005 292.10007 275.22644 1463.4799 
1.8467 1546.976 0.9710826 134.65967 66.156158 266.0556 177.51558 135.91409 115.0946 291.94412 275.05258 1462.3925 
1.855479 2073.034 0.966625 134.58595 66.222557 266.03168 177.68498 135.99246 115.01741 291.97125 275.06027 1462.5665 
1.855734 2272.193 0.9720965 134.60559 66.222122 266.04108 177.7126 136.0611 115.0065 291.98965 275.13098 1462.7695 
1.860253 890.9962 0.9352373 134.95352 66.33931 266.02249 177.20248 135.83513 115.43672 291.83127 275.05075 1462.6718 
1.863278 1272.949 0.931703 134.81572 66.299644 265.98572 177.36595 135.94151 115.25281 291.6991 274.83258 1462.1931 
1.863574 1228.944 0.9063206 134.80055 66.297485 265.97137 177.33128 135.94452 115.27383 291.7334 274.86081 1462.2133 
1.869499 2272.81 0.9489928 134.66177 66.313751 265.9519 177.70879 136.11082 115.05389 291.8949 274.84433 1462.5402 
1.87144 767.8641 0.7666708 135.21376 66.41301 266.30368 176.91518 135.82915 115.61336 291.81049 275.11618 1463.2148 
1.873649 1708.452 0.9684668 134.73531 66.392853 265.87082 177.59511 136.02489 115.16638 291.71796 274.84189 1462.3452 
1.873649 1708.452 0.9684668 134.72667 66.382256 265.84531 177.55571 136.03152 115.16183 291.79706 274.89368 1462.3942 
1.874877 1778.256 0.9666556 134.71152 66.38443 265.90298 177.59332 136.05353 115.14081 291.78552 274.83557 1462.4077 
1.876628 1013.016 0.9044584 134.95874 66.430656 265.84152 177.20988 135.97154 115.43478 291.59842 274.77646 1462.222 
1.880064 2972.091 0.9442092 134.66075 66.415398 265.89111 177.85626 136.17613 115.03275 291.80771 274.88535 1462.7255 
1.880193 2501.867 0.9729086 134.65456 66.426064 265.89908 177.76909 136.14737 115.10127 291.77527 274.81839 1462.5911 
1.881731 1879.176 0.903639 134.76047 66.443649 265.85165 177.57001 136.0997 115.17365 291.66644 274.7084 1462.2739 
1.882444 1780.775 0.9712207 134.75092 66.43499 265.80655 177.58842 136.09158 115.21369 291.59897 274.78467 1462.2698 
1.883129 1672.389 0.8986819 134.80545 66.471672 265.84412 177.50586 136.04204 115.23484 291.66437 274.72397 1462.2924 
1.88387 2835.893 0.9327866 134.66954 66.443649 265.86768 177.815 136.19067 115.07117 291.76553 274.91028 1462.7335 
1.890737 2029.776 0.934835 134.76102 66.507744 265.73795 177.63297 136.12733 115.17538 291.65439 274.70731 1462.3041 
1.891215 1889.492 0.9641173 134.78978 66.522491 265.7637 177.58752 136.1207 115.21287 291.61563 274.65442 1462.2671 
1.891215 1889.492 0.9641173 134.79985 66.519936 265.71912 177.62466 136.13625 115.20981 291.56888 274.77737 1462.3558 
1.89946 3201.439 0.9121365 134.74257 66.584923 265.79797 177.86784 136.25511 115.10803 291.70874 274.80365 1462.8689 
1.907508 2099.893 0.9420075 134.82114 66.665001 265.6619 177.69128 136.18935 115.25265 291.48752 274.62018 1462.3889 
1.908232 3430.086 0.9232045 134.74997 66.650673 265.7164 177.9133 136.29918 115.13043 291.60477 274.77048 1462.8352 
1.909819 2377.818 0.904474 134.82764 66.663132 265.60132 177.72934 136.21613 115.21747 291.4653 274.62888 1462.3492 
1.911523 3017.857 0.9496434 134.78661 66.677238 265.68701 177.86507 136.26891 115.16595 291.53098 274.69363 1462.6754 
1.911578 2727.732 0.9706793 134.78284 66.685341 265.65201 177.85435 136.27003 115.19079 291.52386 274.66 1462.6193 
1.92421 2978.146 0.8606372 134.84424 66.780975 265.55795 177.82384 136.30334 115.21874 291.41174 274.55826 1462.4991 
1.926318 3105.788 0.9708436 134.82549 66.801094 265.56155 177.91328 136.35684 115.22488 291.38492 274.52209 1462.5901 
1.929814 2300.543 0.9466999 134.90569 66.838249 265.48615 177.76901 136.2944 115.31201 291.31747 274.44971 1462.3727 
1.934924 3957.158 0.8712472 134.84084 66.871689 265.55362 177.97589 136.39503 115.22337 291.40076 274.5173 1462.7786 
1.934924 3957.158 0.8712472 134.85504 66.875549 265.55026 177.97632 136.41034 115.22141 291.40695 274.53317 1462.8291 
1.941169 3260.212 0.9168894 134.90457 66.927361 265.48944 177.90567 136.39375 115.29573 291.31348 274.48737 1462.7173 
1.942449 3526.468 0.8707608 134.89601 66.944298 265.48743 177.90071 136.41879 115.27975 291.30542 274.45956 1462.692 
1.946624 2601.081 0.9479279 134.96512 66.99366 265.38275 177.81569 136.38315 115.3602 291.22446 274.29889 1462.4241 
1.9481 4648.355 0.8394644 134.90688 66.985252 265.49387 178.03146 136.47511 115.25903 291.31311 274.49741 1462.9622 
1.950366 4581.435 0.8772953 134.90326 67.004059 265.46674 178.03632 136.48222 115.26031 291.31506 274.45776 1462.9258 
1.951791 3570.929 0.9511685 134.93657 67.029922 265.4043 177.94415 136.44975 115.3142 291.22626 274.41064 1462.7158 
1.953158 2602.098 0.8944561 134.99899 67.024292 265.32538 177.76921 136.36522 115.37667 291.1579 274.30099 1462.3186 
1.953575 3052.349 0.882281 134.96545 67.040848 265.43402 177.88077 136.41255 115.34292 291.18823 274.3681 1462.6328 
1.956457 3468.619 0.8881246 134.95299 67.059052 265.37061 177.92705 136.45361 115.34156 291.20096 274.35846 1462.6643 
1.958226 3790.706 0.8102479 134.95459 67.070007 265.35419 177.93771 136.48361 115.3218 291.16342 274.38132 1462.6667 
1.958226 3790.706 0.8102479 134.97023 67.074425 265.36099 177.94977 136.45872 115.33131 291.16229 274.32468 1462.6324 
1.961836 3136.73 0.9404751 134.98882 67.110031 265.32101 177.93089 136.46068 115.39095 291.12213 274.34488 1462.6693 
1.965842 4132.748 0.9385818 134.98521 67.144241 265.3624 178.0298 136.51367 115.34349 291.15903 274.34384 1462.8817 
1.965908 4265.612 0.9478186 134.98991 67.140266 265.33493 178.03055 136.51947 115.34578 291.16852 274.32214 1462.8516 
1.968679 5022.109 0.7514715 134.9942 67.15229 265.35092 178.02397 136.53746 115.30916 291.17502 274.35852 1462.9015 
1.980038 4103.863 0.9179411 135.04459 67.264519 265.22412 178.02017 136.55844 115.41959 291.01947 274.15234 1462.7032 
1.983105 3507.524 0.9000952 135.09494 67.293404 265.18674 177.95798 136.53197 115.45074 291.01138 274.18732 1462.7146 
1.989813 6110.752 0.7644996 135.06311 67.331375 265.24902 178.10617 136.65709 115.39833 291.02908 274.1857 1463.0198 
1.991015 5012.586 0.8126554 135.09193 67.348846 265.20764 178.07787 136.63553 115.42614 290.97403 274.1705 1462.9325 
1.991483 4851.025 0.8787642 135.09001 67.361221 265.18967 178.08185 136.64426 115.45022 290.97113 274.18579 1462.9741 
1.993017 5125.398 0.8791057 135.08894 67.361977 265.19409 178.10002 136.65375 115.42854 290.97531 274.15842 1462.9611 
1.993017 5125.398 0.8791057 135.08977 67.37233 265.16589 178.09831 136.6416 115.4337 290.98557 274.15005 1462.9373 
1.993355 4984.723 0.8950439 135.08679 67.375809 265.17719 178.0957 136.6452 115.44767 290.97574 274.16559 1462.9697 
1.993637 3705.422 0.8785464 135.13293 67.376343 265.12283 177.9857 136.58679 115.48441 290.91162 274.0986 1462.6992 
1.99367 5363.258 0.7430455 135.09009 67.363289 265.19263 178.06525 136.63216 115.42196 290.96255 274.15189 1462.8798 
1.994251 4723.119 0.797008 135.1171 67.372818 265.13715 178.05336 136.62421 115.44993 290.93625 274.1196 1462.8104 
1.998017 4492.856 0.8872745 135.12065 67.407112 265.11105 178.05009 136.66495 115.47805 290.90918 274.0881 1462.8292 
1.998194 5389.114 0.7779701 135.1174 67.412079 265.16193 178.09096 136.67142 115.45119 290.92609 274.13187 1462.9629 
1.998627 5226.272 0.9088276 135.11539 67.416534 265.14169 178.11806 136.66592 115.45938 290.92453 274.14127 1462.9828 
2.002685 4326.865 0.731238 135.15419 67.449921 265.10849 177.99104 136.63637 115.49211 290.86456 274.00635 1462.703 
2.003242 3355.678 0.8724053 135.18279 67.460526 265.05151 177.95152 136.63162 115.55477 290.80237 273.99716 1462.6322 
2.006848 5270.596 0.9029999 135.15402 67.485168 265.09555 178.12598 136.68889 115.4959 290.87003 274.06204 1462.9775 
2.006848 5270.596 0.9029999 135.15602 67.490891 265.08624 178.12964 136.70734 115.49561 290.86295 274.06631 1462.995 
2.009635 3994.406 0.85301 135.18039 67.516991 265.04227 178.02049 136.65425 115.54742 290.75156 273.95569 1462.6691 
2.012473 5596.001 0.878413 135.1693 67.532043 265.05515 178.15259 136.7234 115.52185 290.85446 274.06339 1463.0721 
2.013696 5266.426 0.853905 135.18124 67.550598 265.06577 178.11952 136.73067 115.52618 290.77914 274.04941 1463.0026 
2.019351 4934.246 0.7333777 135.23232 67.584702 265.01334 178.04868 136.70505 115.55205 290.7561 273.95779 1462.8501 
2.019965 4137.331 0.8517061 135.21545 67.601982 264.96558 178.04474 136.71275 115.58393 290.73325 273.90356 1462.7612 
2.020154 3994.367 0.8100487 135.24448 67.594948 264.95352 178.00092 136.70914 115.58174 290.68414 273.91998 1462.6887 
2.020431 5665.763 0.8809271 135.2162 67.603348 264.99518 178.16129 136.75247 115.55891 290.77988 273.99353 1463.0608 
2.025395 5654.291 0.6272894 135.24384 67.633171 264.99072 178.06572 136.75705 115.56331 290.73474 273.96472 1462.9532 
2.029417 5484.816 0.5633104 135.26813 67.658676 264.96765 178.05818 136.76247 115.57098 290.66599 273.8653 1462.8174 
2.033185 5295.757 0.6423405 135.27611 67.703072 264.94458 178.06613 136.76157 115.59152 290.62177 273.87991 1462.8447 
2.033185 5295.757 0.6423405 135.27371 67.702736 264.91095 178.06807 136.7666 115.60007 290.63974 273.86993 1462.8318 
2.046526 6167.635 0.4384032 135.33408 67.793022 264.88434 178.07091 136.83981 115.62244 290.54849 273.79236 1462.8854 
2.050656 6088.304 0.7165866 135.35469 67.85247 264.84732 178.16122 136.87007 115.67475 290.54425 273.78021 1463.085 
2.054307 6028.832 0.4922642 135.3649 67.871017 264.83939 178.07613 136.8708 115.668 290.48068 273.74231 1462.9132 
2.056561 6189.8 0.5642945 135.38332 67.89563 264.8226 178.11816 136.86447 115.67791 290.47821 273.71161 1462.9519 
2.059578 6301.285 0.5050754 135.39189 67.905884 264.784 178.12843 136.89938 115.67546 290.4519 273.70493 1462.942 
2.060595 6787.597 0.4444366 135.39995 67.923203 264.82626 178.12093 136.90997 115.67892 290.45877 273.72113 1463.0391 
2.062481 6477.998 0.4961 135.40027 67.953209 264.79858 178.10933 136.91125 115.69112 290.44818 273.72449 1463.0365 
2.069147 4996.541 0.72728 135.45262 68.011574 264.67444 178.12514 136.91956 115.78158 290.3584 273.60706 1462.9303 
2.070964 6852.507 0.4094022 135.4563 68.00058 264.75668 178.09489 136.95163 115.71516 290.35825 273.66934 1463.0028 
2.074351 6799.726 0.5469599 135.45923 68.046921 264.72507 178.16945 136.96361 115.7555 290.37869 273.63144 1463.1299 
2.074351 6799.726 0.5469599 135.46021 68.04554 264.72 178.15617 136.96269 115.75108 290.35132 273.65173 1463.0988 
2.075313 5666.716 0.5921474 135.46179 68.05999 264.68777 178.12579 136.93257 115.77755 290.29816 273.59412 1462.9376 
2.07755 5505.587 0.7333294 135.47925 68.091148 264.65237 178.17206 136.96439 115.80995 290.30389 273.55188 1463.025 
2.08317 6734.152 0.3010405 135.50272 68.086891 264.70563 178.07193 136.97461 115.74918 290.2569 273.55698 1462.9049 
2.085286 6286.709 0.5440667 135.51053 68.142693 264.63248 178.14355 136.98103 115.81438 290.27887 273.54797 1463.0515 
2.088029 6687.191 0.4910615 135.52643 68.150955 264.63901 178.16701 137.00375 115.81042 290.26831 273.50192 1463.0679 
2.089724 6593.081 0.6118201 135.54193 68.173225 264.61304 178.20711 137.02208 115.83945 290.23349 273.51566 1463.146 
2.089791 5465.725 0.6518064 135.54962 68.188538 264.57208 178.16257 136.99393 115.85159 290.20526 273.47046 1462.9939 
2.099542 5752.051 0.6019889 135.57979 68.262207 264.5412 178.15875 137.03484 115.89751 290.15482 273.42709 1463.0563 
2.10227 6220.338 0.6046707 135.59624 68.285194 264.51935 178.19736 137.06395 115.90629 290.155 273.45206 1463.1754 
2.109655 6154.975 0.578929 135.64464 68.3536 264.48987 178.18428 137.06953 115.93173 290.08301 273.39905 1463.1556 
2.109655 6154.975 0.578929 135.62885 68.343994 264.49118 178.19502 137.09309 115.93865 290.06018 273.39084 1463.1418 
