0.8050842 971.9561 0.9974578
0.8202976 1277.946 0.9948065
0.8331484 1180.364 0.5502976
0.8429564 1034.713 0.9861969
0.8503773 1133.137 0.9574561
0.8518939 3309.998 0.9873632
0.8528315 3181.436 0.9994076
0.8566875 2664.186 0.9965073
0.8589841 1109.929 0.9032157
0.8637392 1997.642 0.9842689
0.8715846 1753.827 0.9903452
0.8747759 3650.93 0.9994076
0.8754064 3909.883 0.9992588
0.8817384 3703.129 0.9985758
0.8909431 1507.194 0.9904274
0.8920153 3065.567 0.9945583
0.8967155 4177.857 0.9834793
0.9003433 2775.871 0.8799796
0.9018427 2563.253 0.6514378
0.9097415 2919.45 0.9958452
0.9103119 2094.631 0.9180693
0.9147934 1465.852 0.8047368
0.9214368 2178.782 0.9735112
0.9288962 3939.886 0.994455
0.9303429 4223.063 0.9717142
0.9303983 1300.936 0.994991
0.9350871 3774.457 0.9143434
0.9357419 3476.863 0.9811775
0.9358029 3061.282 0.9960287
0.937409 2106.523 0.7334958
0.9416834 647.3649 0.9881622
0.9453269 2031.394 0.9496446
0.9492543 1307.344 0.7408986
0.9551754 2301.855 0.8158445
0.956024 3809.135 0.9986257
0.9571793 2985.616 0.9243387
0.9576817 3461.367 0.0204325
0.9608273 2034.9 0.8956566
0.9652219 2388.493 0.0204325
0.9684826 1154.72 0.9944
0.9687087 2965.934 0.8740507
0.9690827 3925.253 0.9493736
0.9731437 944.3019 0.9855983
0.9760983 3126.568 0.9038942
0.976149 2155.041 0.5121923
0.9775454 3832.902 0.3621561
0.9789123 1248.415 0.993236
0.9801002 4178.435 0.9929758
0.9807032 1406.739 0.9961945
0.9811694 950.39 0.9860319
0.9833623 2720.269 0.0204325
0.9847405 747.3936 0.9640143
0.9859188 2885.094 0.979585
0.9928387 2954.326 0.9854848
0.993921 2641.454 0.7301435
0.9987926 1395.094 0.9408838
1.000373 2240.025 0.9879348
1.001303 1349.776 0.9933759
1.002617 4336.894 0.7533885
1.002792 3924.915 0.9979869
1.004571 647.0302 0.9000881
1.009325 2361.349 0.7699484
1.012008 3329.015 0.9542657
1.01321 1083.856 0.99328
1.014996 4034.187 0.9947664
1.015554 2455.936 0.9880792
1.019826 2123.164 0.9734898
1.021177 659.4991 0.9573277
1.024449 4330.464 0.9990084
1.026136 3337.792 0.7731528
1.027267 4685.28 0.9484923
1.030292 3324.453 0.6355137
1.037752 4568.223 0.0204325
1.040053 2770.318 0.9815737
1.040597 2732.287 0.8677646
1.043464 3643.037 0.0204325
1.044404 568.1685 0.9917829
1.04556 4024.455 0.9844987
1.048125 4531.602 0.9177504
1.048829 1473.308 0.9924854
1.049257 2741.505 0.9417597
1.049268 1195.882 0.9443629
1.051834 3145.134 0.2053314
1.052934 1330.292 0.93711
1.056123 4589.89 0.4294577
1.056889 1458.41 0.9966645
1.057847 1867.752 0.8630982
1.059143 897.9955 0.9600144
1.059739 4490.59 0.9819134
1.061222 1003.71 0.9444034
1.062595 3536.283 0.9647422
1.063258 1393.841 0.6796286
1.063875 1153.819 0.9852714
1.065564 4477.596 0.993563
1.069308 4443.632 0.5979685
1.069585 981.5134 0.9952744
1.069614 2929.817 0.9932354
1.07148 1728.914 0.9720289
1.072568 1018.656 0.8769724
1.075396 4532.184 0.9537946
1.076136 2589.793 0.9696404
1.077387 1085.247 0.8945321
1.078046 1012.574 0.9830916
1.079854 999.6754 0.992036
1.082216 2366.097 0.9868309
1.083209 893.385 0.9825027
1.084063 1327.565 0.9793357
1.084623 1293.724 0.8803341
1.084939 1019.93 0.9736301
1.087737 1099.759 0.9553839
1.089364 2774.072 0.9471701
1.089433 4575.34 0.9958056
1.090821 3117.269 0.9595816
1.091269 488.0939 0.8671282
1.09457 1344.211 0.9817459
1.096466 1277.752 0.9932156
1.099926 1423.673 0.9068997
1.100687 1140.161 0.9234394
1.100786 1107.014 0.9935547
1.105758 1076.578 0.9817131
1.106756 4782.432 0.6414882
1.108429 3443.711 0.9423463
1.10884 1398.051 0.9902723
1.110023 839.974 0.9239176
1.110223 995.8499 0.9960109
1.110251 1334.219 0.9476617
1.114821 1249.865 0.9963705
1.11484 1120.215 0.9909238
1.116933 955.1073 0.9948685
1.119355 3022.118 0.9067308
1.121245 1071.957 0.9961516
1.121528 1254.909 0.9625689
1.122636 1075.786 0.9589208
1.122697 3602.61 0.8813212
1.123061 588.4757 0.9714859
1.12361 1117.063 0.9649768
1.126493 1115.643 0.9305738
1.130441 2775.474 0.9919872
1.133632 3853.476 0.0204325
1.133926 2232.02 0.9572418
1.134058 2105.18 0.9726662
1.134301 2471.653 0.4785536
1.134664 3793.186 0.8967296
1.134954 4221.084 0.9991233
1.135698 1287.196 0.52542
1.137101 1114.809 0.9202513
1.141514 4676.799 0.9977724
1.143315 1072.112 0.9368772
1.143425 5436.961 0.8560737
1.14481 2044.796 0.9671568
1.147555 2380.594 0.9644785
1.148838 2771.081 0.9982666
1.150012 982.5359 0.9960853
1.150184 3093.582 0.9984364
1.151322 3033.597 0.1901241
1.152269 4485.488 0.9368624
1.152538 2305.884 0.9801289
1.15255 3157.149 0.94167
1.153275 2016.414 0.9953415
1.154871 1032.785 0.7277102
1.155988 1291.037 0.6337502
1.156187 2807.076 0.0204325
1.163505 2397.228 0.9946105
1.164845 1211.628 0.9355621
1.168893 2644.726 0.0204325
1.169771 4274.027 0.9262157
1.170005 1812.777 0.7921366
1.171763 2959.055 0.9885197
1.174762 1897.566 0.8451098
1.175226 1034.757 0.9531619
1.175765 3309.303 0.9925336
1.176621 1733.931 0.9441583
1.177648 2612.148 0.9972207
1.179101 2258.527 0.9734927
1.17911 1434.808 0.9320298
1.181697 4133.179 0.7936352
1.184692 4536.257 0.6291874
1.188438 2041.979 0.9933985
1.188845 3759.559 0.9963714
1.188863 2051.19 0.9962265
1.188941 4204.503 0.7902743
1.191887 4689.144 0.9994076
1.193688 3722.54 0.7775968
1.19498 4418.345 0.8476749
1.195086 3858.365 0.6508878
1.196821 1487.124 0.9860974
1.19876 868.3518 0.9934024
1.207445 3719.757 0.5403038
1.216086 3312.083 0.0204325
1.217222 1487.766 0.9163513
1.219375 3629.758 0.9981403
1.223573 3054.12 0.5624659
1.225071 2900.634 0.9748481
1.225564 1279.961 0.8316178
1.22723 3631.325 0.551201
1.228674 1311.719 0.7060772
1.229285 3236.096 0.9948037
1.235851 969.1532 0.6627958
1.236811 3900.503 0.9984544
1.237154 608.8335 0.8737302
1.237328 1664.778 0.9961562
1.237644 3612.959 0.9989213
1.239864 964.3408 0.9453671
1.24069 3961.181 0.9646482
1.242888 880.9057 0.9961337
1.243309 3427.885 0.9968179
1.246586 4416.17 0.996198
1.246782 3194.164 0.9970688
1.246798 4463.136 0.9978254
1.250199 814.7758 0.6988421
1.250657 1025.358 0.9947408
1.256813 2445.025 0.7804856
1.265815 1607.193 0.962902
1.268211 2739.039 0.5234635
1.274411 1514.143 0.9939104
1.277247 3585.108 0.9989601
1.282436 3601.959 0.9022022
1.284119 3859.744 0.9991394
1.285411 3182.93 0.8859706
1.285538 1878.914 0.7105626
1.290039 3212.537 0.0204325
1.290599 3478.978 0.9613956
1.291262 4251.803 0.9973658
1.291886 1864.38 0.4522207
1.293377 890.2102 0.938416
1.298672 3963.692 0.9968501
1.300335 4738.967 0.9994076
1.303038 3780.383 0.9988652
1.303673 2032.063 0.9674493
1.313256 2105.285 0.9222922
1.322628 2186.686 0.996561
1.333874 2430.654 0.9611669
1.334524 2391.751 0.2365076
1.344043 991.7275 0.9919966
1.344767 4126.065 0.0204325
1.347673 1260.829 0.992974
1.3489 4410.114 0.9981088
1.351168 2482.895 0.9983615
1.35254 1086.703 0.9871459
1.356146 4544.197 0.0204325
1.365086 1928.193 0.9963434
1.366168 1105.545 0.9947043
1.366407 3238.248 0.9970925
1.371311 4476.55 0.9992266
1.372757 900.7494 0.9936923
1.384419 1434.233 0.9963197
1.387036 1692.261 0.3954313
1.392384 4718.232 0.0204325
1.397103 2947.978 0.5858191
1.398865 2892.985 0.9920147
# initCovFnParam= 0.818788925742442 828.869885480563 6.47542617260585 4
