0.8268111 1856.126 0.9939476
0.8391729 1680.268 0.67035
0.8527911 1600.863 0.8902057
0.8639462 4891.284 0.9667937
0.8656093 1718.547 0.9957848
0.8701832 3236.621 0.9925422
0.8774773 3334.692 0.9505233
0.8780263 1037.866 0.9333857
0.8889627 1913.234 0.9879185
0.8927208 2088.463 0.9867261
0.894277 2732.024 0.9566784
0.8946827 2254.928 0.9618809
0.8956535 1679.914 0.9915964
0.8998718 3463.784 0.8030075
0.9027198 2348.273 0.693129
0.9049935 4146.628 0.3494555
0.9073339 3056.582 0.9864417
0.9073552 3896.804 0.03953988
0.9093873 1186.17 0.9617985
0.9120179 3071.487 0.9921261
0.9121878 3039.449 0.9819071
0.912776 2499.506 0.9906008
0.9129407 4621.772 0.2558101
0.9152961 3636.846 0.9208789
0.91606 2494.107 0.9579929
0.9221463 3637.486 0.9991623
0.924727 3219.776 0.8869105
0.9256933 2461.521 0.8960151
0.926024 1148.679 0.9702613
0.9360849 1811.142 0.9903215
0.9388326 581.8059 0.8868668
0.9388962 1802.999 0.9050396
0.9393114 3395.099 0.9649336
0.9458258 3675.519 0.9961998
0.9463159 2840.808 0.8521493
0.9472175 2542.38 0.9874391
0.9479411 438.365 0.9919027
0.948423 1262.312 0.7703531
0.9497218 1916.699 0.7313174
0.9517417 2892.916 0.9965517
0.956653 3638.07 0.03953988
0.9580762 1606.262 0.9894908
0.9596024 3444.666 0.6844131
0.9605035 3163.796 0.9429949
0.9620406 3173.674 0.9871209
0.9646108 1795.763 0.9456025
0.9654615 1655.955 0.9854474
0.9682103 2163.828 0.9700619
0.9710095 2566.322 0.8039737
0.9717175 4323.454 0.9962613
0.9726729 3908.916 0.9527811
0.9739894 2251.382 0.6791438
0.9753404 3240.388 0.9964364
0.979309 453.5692 0.9271011
0.9834235 1750.112 0.6513008
0.9845492 3139.838 0.992905
0.9860699 4900.691 0.9991623
0.9864979 2795.788 0.973351
0.9889045 3318.947 0.978536
0.9905971 2764.411 0.9338778
0.9907493 573.9219 0.9911208
0.9914798 2824.722 0.9966319
0.9956795 4203.837 0.8651176
1.001555 3499.704 0.9952714
1.003743 2307.251 0.9898266
1.005207 3851.925 0.9971907
1.0062 814.9495 0.9923561
1.006449 1861.638 0.8434974
1.006641 1308.78 0.947171
1.010245 2555.429 0.9275667
1.014319 1081.799 0.9051331
1.021296 2278.251 0.9911012
1.023935 2468.293 0.8611232
1.026513 1236.206 0.9094316
1.028644 1785.113 0.9442855
1.032401 3714.281 0.7358199
1.033156 3580.204 0.6285801
1.03334 3922.335 0.9988191
1.03514 2188.395 0.9517578
1.036285 3070.212 0.8194498
1.036386 3295.141 0.9318965
1.038432 2374.124 0.9823992
1.038929 1107.746 0.9120274
1.0411 2675.53 0.9849932
1.04265 976.648 0.9074753
1.047535 1458.297 0.8557999
1.048112 1191.628 0.8482202
1.048261 1727.91 0.9961132
1.048901 1023.403 0.8627027
1.049458 1584.962 0.9333682
1.051072 3087.476 0.852126
1.051926 1034.314 0.968352
1.052384 2485.407 0.3420127
1.052539 2661.425 0.9812444
1.057218 2341.051 0.9665678
1.059794 2860.825 0.9949199
1.061308 1139.262 0.9712847
1.062995 669.6196 0.9702964
1.063319 1330.489 0.9383011
1.063944 987.2333 0.9802178
1.064312 1553.028 0.9288086
1.065929 1897.28 0.9671855
1.066638 4222.674 0.9943686
1.069789 2389.629 0.995793
1.072482 1154.636 0.9315518
1.073014 1196.851 0.8575247
1.074188 2626.781 0.2090725
1.074824 430.6904 0.9706131
1.075474 613.6191 0.9593858
1.075786 4077.754 0.9968631
1.076045 2046.318 0.9719538
1.076295 1122.155 0.9420499
1.077067 1234.612 0.9632201
1.083891 1162.776 0.9458959
1.084756 1113.955 0.9902567
1.087951 1060.271 0.9511769
1.091085 707.5494 0.9053583
1.093549 1210.005 0.9729697
1.094458 1068.741 0.9729792
1.094677 1295.459 0.9656037
1.096326 994.577 0.9707652
1.096441 3007.388 0.9265674
1.096684 2292.072 0.9248571
1.097195 3211.848 0.9938161
1.098308 1450.665 0.9360886
1.101177 3695.977 0.9879944
1.10166 621.9679 0.9854936
1.102088 995.6204 0.9215762
1.10285 1044.91 0.9037532
1.103404 1283.548 0.8611192
1.107284 1416.007 0.8924114
1.109694 4189.272 0.9295248
1.111476 3367.875 0.6158847
1.114607 3976.401 0.9731766
1.117266 962.2946 0.9825517
1.11808 1221.515 0.77645
1.12288 3601.717 0.9953851
1.123538 2385.451 0.950314
1.124052 455.5528 0.9805429
1.124566 1191.691 0.9338786
1.124863 1146.54 0.9173982
1.125136 1373.973 0.9861428
1.126109 1401.64 0.949749
1.126982 3337.528 0.1421656
1.129633 4307.949 0.9789441
1.130326 1389.321 0.8570294
1.13131 3112.47 0.8642325
1.132051 797.6012 0.9902473
1.132935 3569.705 0.984915
1.137489 903.5179 0.9264073
1.137958 3455.521 0.5879637
1.139228 1300.24 0.8812971
1.139319 1164.044 0.988875
1.141803 2491.197 0.361049
1.142223 2956.525 0.7614375
1.142588 4118.526 0.9978564
1.142905 898.446 0.9912151
1.143421 1627.077 0.9909216
1.144536 1146.328 0.9264052
1.146496 1146.76 0.9548354
1.149418 1821.904 0.6795504
1.155373 1579.319 0.9956967
1.15715 2278.063 0.3334728
1.159823 626.6329 0.9688089
1.162836 917.5798 0.8523192
1.165948 956.1355 0.9365313
1.172664 1146.787 0.9369173
1.172685 1188.282 0.6420085
1.173538 1147.105 0.9582022
1.174077 572.7373 0.984143
1.180865 2064.503 0.981012
1.181575 2966.745 0.03953988
1.181665 1599.972 0.9747659
1.183482 1375.139 0.9924615
1.187812 758.6828 0.9749328
1.19076 1484.199 0.9034728
1.193281 2304.898 0.9965077
1.193412 4365.32 0.9542968
1.19504 3996.451 0.7556575
1.19514 4178.954 0.03953988
1.195235 3679.804 0.9760848
1.196702 1283.873 0.7034872
1.199344 4203.948 0.9014507
1.205283 1474.914 0.9370253
1.211004 3922.698 0.9886167
1.216892 3634.465 0.9931894
1.21815 2070.837 0.9787891
1.218441 609.5436 0.931146
1.218697 4339.604 0.9019305
1.219151 2436.1 0.9976791
1.220712 1522.447 0.7584512
1.22106 1005.937 0.9908208
1.227951 2885.812 0.9939917
1.230461 3430.368 0.6788713
1.23055 3509.452 0.9983282
1.234024 701.2303 0.7686122
1.234167 4053.684 0.9635161
1.234749 1623.732 0.3930727
1.235539 4682.078 0.9991623
1.238152 4077.331 0.9906574
1.240796 1342.408 0.9900552
1.243891 1625.62 0.96939
1.243951 777.5881 0.7574431
1.245963 2945.728 0.9384706
1.252146 4210.596 0.9965011
1.254144 2530.586 0.3725494
1.254838 2095.469 0.9431137
1.256306 3038.927 0.9979025
1.257586 1997.92 0.9905782
1.265496 2301.776 0.9542114
1.268558 1298.47 0.9305631
1.268949 2744.913 0.6658793
1.269494 1145.67 0.9572196
1.270491 4170.367 0.5884671
1.27198 653.5268 0.9767261
1.276014 1747.868 0.9894888
1.276199 702.2972 0.9887123
1.277239 3494.996 0.8517603
1.280163 3253.061 0.9099326
1.281352 2001.709 0.2912146
1.283067 1536.37 0.943098
1.288392 1313.394 0.9752322
1.29643 2435.538 0.9948286
1.298327 4783.782 0.09639018
1.304289 2837.18 0.9980947
1.313274 2322.135 0.9819773
1.314762 2539.918 0.5277339
1.317274 2330.948 0.3694898
1.317322 1425.917 0.7435673
1.320164 3523.736 0.9991623
1.320179 1729.875 0.9906625
1.324827 4259.745 0.03953988
1.325088 3387.265 0.9613474
1.325355 2736.564 0.9958374
1.331355 1479.207 0.7488787
1.336067 2045.971 0.965775
1.338534 3762.348 0.7236599
1.348179 2302.383 0.9902936
1.359058 1025.766 0.9180944
1.360317 1912.882 0.9951029
1.361996 797.8249 0.9895753
1.36357 3255.664 0.9987693
1.36885 2579.692 0.8843289
1.371831 4131.261 0.9991623
1.375013 3096.705 0.4321471
1.37587 1300.254 0.9846252
1.384339 4128.749 0.9991623
1.388282 1419.243 0.9874956
1.394156 4662.021 0.9420614
1.408413 768.6774 0.9964009
# initCovFnParam= 0.810641185728808 811.050999106654 6.88162059427629 4
