## Tue Mar  1 14:45:49 2022; Sample: 1; # of loci: 8; NrunsPerPoint=30;
## pointmin=1  pointmax=100 out of PointNumber=100
0.8431785 2106.043 0.9850394 280.94028 140.31636 573.99292 361.08203 320.85977 269.21298 571.93842 449.56299 2967.9058 
0.8834686 1546.063 0.9850545 281.21188 141.13101 572.67877 360.86884 320.88303 269.48172 570.73279 448.99124 2965.9792 
0.9063464 1426.451 0.9832936 281.40082 141.56862 572.01318 360.77856 320.94894 269.58112 570.12231 448.78958 2965.2031 
0.9116667 1392.651 0.9827371 281.47855 141.6734 571.81708 360.77179 320.95963 269.63849 569.95154 448.72003 2965.0105 
0.9260508 1270.853 0.9850545 281.52924 141.96825 571.41064 360.68262 320.96164 269.73694 569.55035 448.5658 2964.4058 
0.9288029 2022.828 0.9681313 281.72455 141.84201 571.53314 360.77533 321.0856 269.63855 569.74066 448.46118 2964.801 
0.9492069 1654.586 0.9826965 281.84961 142.28734 570.94519 360.71371 321.14145 269.77173 569.18176 448.26218 2964.1531 
0.9545186 2745.983 0.8500024 282.0296 142.22299 571.01495 360.74939 321.28873 269.72186 569.33954 448.2464 2964.6135 
0.9699165 1246.686 0.9850545 282.01483 142.76698 570.36426 360.56149 321.13705 269.97491 568.55676 448.20404 2963.5806 
0.9933183 1878.79 0.9690515 282.36911 143.02711 569.95337 360.64191 321.37167 270.01358 568.25739 447.86423 2963.4983 
0.9933183 1878.79 0.9690515 282.35754 143.0238 570.01184 360.62997 321.36224 270.03497 568.29858 447.84366 2963.5627 
0.9960969 1317.001 0.9831849 282.29007 143.20425 569.70288 360.58994 321.31265 270.08871 568.08453 447.8045 2963.0774 
0.9972116 1516.581 0.9844911 282.33755 143.1689 569.8316 360.58688 321.34454 270.08554 568.13385 447.85419 2963.3433 
1.018407 2111.167 0.9612857 282.67123 143.44463 569.45612 360.60873 321.54184 270.16306 567.81281 447.61063 2963.3091 
1.025983 2177.649 0.9627682 282.78073 143.56903 569.34454 360.61954 321.55527 270.20801 567.63977 447.58972 2963.3066 
1.029038 1958.386 0.9663197 282.80707 143.66281 569.2688 360.59238 321.58377 270.24298 567.57556 447.53958 2963.2729 
1.033719 1798.362 0.9770657 282.80615 143.76805 569.18323 360.58279 321.57129 270.29721 567.42847 447.51901 2963.1562 
1.034652 1997.965 0.9537076 282.85092 143.74683 569.12128 360.61972 321.57535 270.25964 567.47211 447.50946 2963.1553 
1.041506 1218.277 0.9850545 282.79941 144.05627 568.78003 360.48325 321.44495 270.42844 567.02075 447.55643 2962.5696 
1.045912 1994.377 0.928783 282.97964 143.96364 568.84216 360.60175 321.66699 270.33426 567.26428 447.44806 2963.1008 
1.047155 1837.803 0.955496 282.99939 143.9958 568.84918 360.57425 321.67593 270.36462 567.17365 447.39478 2963.0276 
1.047155 1837.803 0.955496 282.95255 144.00238 568.78265 360.54398 321.68475 270.3443 567.18213 447.39297 2962.8857 
1.050345 1453.725 0.9750723 282.92517 144.14532 568.61633 360.52231 321.604 270.42697 567.0238 447.46201 2962.7258 
1.063009 1916.563 0.9704445 283.17215 144.27052 568.54645 360.58047 321.71246 270.46826 566.8338 447.2709 2962.855 
1.070767 1574.184 0.9696766 283.20035 144.47292 568.30798 360.54907 321.77319 270.53656 566.64374 447.28043 2962.7644 
1.073827 1262.177 0.9718862 283.15561 144.61052 568.15448 360.46799 321.73184 270.61273 566.49548 447.34723 2962.5757 
1.074797 2092.838 0.9684433 283.32462 144.46622 568.3808 360.62259 321.86221 270.5802 566.74152 447.18295 2963.1609 
1.077132 1069.184 0.9850545 283.17798 144.76134 568.01978 360.47571 321.67084 270.67227 566.35229 447.3009 2962.4312 
1.078401 1618.332 0.9645326 283.27029 144.60411 568.12408 360.58472 321.80563 270.59918 566.51331 447.22986 2962.7314 
1.079769 1458.841 0.9737698 283.28134 144.65904 568.00983 360.54495 321.81317 270.61386 566.43024 447.21768 2962.5703 
1.081948 2158.756 0.9510913 283.47946 144.58357 568.24054 360.61774 321.9057 270.58008 566.61816 447.15814 2963.1836 
1.082771 1594.11 0.9690538 283.32059 144.69203 568.10596 360.54526 321.79218 270.60571 566.48309 447.19424 2962.7393 
1.082771 1594.11 0.9690538 283.30478 144.688 568.08429 360.53339 321.80682 270.61591 566.50043 447.14236 2962.676 
1.084766 1877.71 0.9411098 283.36505 144.67474 568.08893 360.57956 321.86972 270.60446 566.49329 447.14359 2962.8193 
1.087997 1631.542 0.9619802 283.39438 144.77013 567.98535 360.56638 321.86682 270.6575 566.36578 447.14407 2962.7502 
1.088519 1828.818 0.971388 283.42343 144.74632 568.03625 360.59836 321.91617 270.65692 566.40155 447.06607 2962.8452 
1.088938 1561.524 0.9713939 283.38394 144.80446 567.98328 360.535 321.86801 270.66745 566.26721 447.11575 2962.625 
1.089647 1550.001 0.9718871 283.37042 144.8187 567.94434 360.53705 321.82532 270.69458 566.30737 447.15384 2962.6514 
1.093151 1543.43 0.9730254 283.46097 144.86882 567.84528 360.58057 321.86371 270.7301 566.29169 447.10278 2962.7439 
1.094025 1495.392 0.9778572 283.44467 144.91586 567.82434 360.52197 321.88196 270.69656 566.23999 447.11627 2962.6416 
1.094581 1496.158 0.9723972 283.45718 144.91359 567.7663 360.53192 321.87595 270.73508 566.20636 447.11349 2962.5999 
1.094586 1998.511 0.9667157 283.54654 144.82986 567.96155 360.59692 321.95911 270.65472 566.36267 447.05768 2962.9688 
1.098355 1460.539 0.9726711 283.49063 144.98456 567.76776 360.58322 321.85406 270.72449 566.15179 447.09601 2962.6523 
1.098355 1460.539 0.9726711 283.46735 144.98869 567.72266 360.53271 321.91614 270.76041 566.1579 447.12085 2962.6667 
1.099607 1495.702 0.9770726 283.51083 145.00914 567.78729 360.5314 321.87933 270.76675 566.15674 447.04333 2962.6851 
1.101223 1506.668 0.9739212 283.53601 145.03764 567.71155 360.55276 321.93896 270.77148 566.04816 447.11139 2962.708 
1.102668 1961.942 0.9505354 283.63824 144.98251 567.78015 360.58508 321.97565 270.71841 566.21167 447.04745 2962.939 
1.104649 1571.777 0.9645145 283.57657 145.0817 567.68622 360.58682 321.91193 270.81543 566.00269 447.05359 2962.7148 
1.10588 2174.485 0.9423911 283.68042 145.01201 567.76068 360.62366 322.03174 270.72141 566.25482 446.98245 2963.0671 
1.107966 1478.612 0.9775092 283.65491 145.16209 567.54321 360.52838 321.91666 270.82278 565.86688 447.01883 2962.5137 
1.110488 1096.81 0.9803081 283.54224 145.34785 567.36609 360.46396 321.91904 270.89618 565.80914 447.1449 2962.4893 
1.117642 1631.363 0.9587367 283.76712 145.30376 567.43378 360.55557 322.01221 270.87418 565.85547 446.97195 2962.7739 
1.123549 1489.944 0.9765828 283.78882 145.42796 567.29651 360.53821 322.04913 270.9259 565.78711 446.94336 2962.7568 
1.127069 1670.936 0.9725428 283.91342 145.47551 567.33331 360.54013 322.09772 270.94281 565.72845 446.9299 2962.9614 
1.127069 1670.936 0.9725428 283.88644 145.46082 567.31067 360.57623 322.15601 270.95038 565.80115 446.92288 2963.0645 
1.132585 2018.002 0.9345157 284.02243 145.50845 567.20081 360.57932 322.22452 270.96408 565.75958 446.8591 2963.1184 
1.140569 1526.262 0.9757454 284.01208 145.73088 566.98828 360.56793 322.18311 271.06522 565.48517 446.8757 2962.9084 
1.142362 1596.997 0.9690803 284.04108 145.75142 566.99463 360.60287 322.23087 271.04211 565.4682 446.82657 2962.9578 
1.144811 1539.068 0.9754335 284.07376 145.81262 566.95776 360.59875 322.22095 271.08505 565.45959 446.85693 2963.0654 
1.148716 2009.403 0.9188606 284.16241 145.79803 566.93854 360.63272 322.30115 271.05792 565.46545 446.78317 2963.1396 
1.150598 1595.327 0.9498412 284.14096 145.90424 566.85071 360.57397 322.23865 271.10223 565.36658 446.78815 2962.9653 
1.150741 1848.912 0.9701184 284.16608 145.85358 566.95398 360.63287 322.31631 271.11057 565.46277 446.7446 2963.2407 
1.159811 1720.157 0.9494681 284.30887 146.04536 566.70245 360.57443 322.32178 271.16446 565.21222 446.74625 2963.0759 
1.160562 1654.849 0.9688763 284.28796 146.07616 566.67963 360.63248 322.35379 271.2121 565.20148 446.72269 2963.1663 
1.172149 1569.405 0.9520374 284.45465 146.2888 566.42316 360.6134 322.38919 271.27536 565.00909 446.69025 2963.1438 
1.172149 1569.405 0.9520374 284.40021 146.2997 566.49719 360.61926 322.41595 271.28397 564.9549 446.67413 2963.1453 
1.172595 2028.633 0.8971724 284.46747 146.22202 566.56366 360.65506 322.42279 271.2511 565.15808 446.71664 2963.4568 
1.172815 1929 0.9217404 284.49295 146.23328 566.51892 360.64102 322.46286 271.25354 565.112 446.68231 2963.397 
1.173258 1652.538 0.9337392 284.48303 146.30014 566.46588 360.56775 322.44424 271.31039 565.04657 446.69455 2963.3125 
1.1827 2030.227 0.9432087 284.62592 146.40053 566.46515 360.67361 322.54916 271.32761 565.01233 446.56302 2963.6172 
1.185497 1951.827 0.9444907 284.66187 146.47023 566.39026 360.65363 322.5451 271.35214 564.95105 446.56967 2963.594 
1.191302 1902.426 0.9088955 284.6954 146.577 566.2113 360.66537 322.56812 271.41324 564.78583 446.5939 2963.5103 
1.201262 1676.617 0.9668766 284.8273 146.79103 566.07312 360.63553 322.62698 271.49414 564.59149 446.54288 2963.5825 
1.202407 1710.941 0.9665834 284.85706 146.80692 566.01886 360.64798 322.65442 271.50888 564.62616 446.48502 2963.6055 
1.207075 1506.601 0.9575189 284.83774 146.91603 565.90204 360.64362 322.67523 271.54373 564.48907 446.46341 2963.4707 
1.20898 1867.642 0.9581201 284.9476 146.9024 566.02802 360.69714 322.74814 271.54358 564.58942 446.48495 2963.9412 
1.20898 1867.642 0.9581201 284.96268 146.89305 566.01337 360.70731 322.72556 271.56009 564.54358 446.51117 2963.917 
1.215276 1599.374 0.9555221 284.99026 147.06181 565.81775 360.65961 322.72717 271.63077 564.41718 446.4816 2963.7861 
1.230285 1574.403 0.9298581 285.16299 147.33453 565.55273 360.67755 322.81393 271.7536 564.24896 446.45312 2963.9976 
1.230479 1628.101 0.9705335 285.19113 147.31996 565.59656 360.71643 322.85104 271.73611 564.21112 446.41403 2964.0364 
1.231193 1537.146 0.9382308 285.19638 147.35927 565.65045 360.69479 322.83261 271.74548 564.16193 446.45789 2964.0986 
1.232121 1734.424 0.9250618 285.19839 147.32336 565.53479 360.70862 322.8812 271.71451 564.12115 446.41754 2963.8994 
1.236726 1770.061 0.9457301 285.30521 147.41037 565.57159 360.74564 322.94327 271.77945 564.16516 446.38458 2964.3052 
1.238315 1891.725 0.9529701 285.34122 147.42073 565.52838 360.75348 322.92749 271.78839 564.1861 446.33926 2964.2852 
1.240728 1543.665 0.930607 285.26404 147.51933 565.42688 360.75494 322.94907 271.83865 564.01642 446.45361 2964.2229 
1.24573 1699.705 0.9386816 285.39471 147.57292 565.3869 360.75537 322.98059 271.82581 564.04498 446.37747 2964.3386 
1.248402 1655.615 0.9643848 285.41681 147.63606 565.30884 360.75287 323.00391 271.87466 564.00812 446.35452 2964.3557 
1.248402 1655.615 0.9643848 285.44974 147.62514 565.34424 360.71591 323.0434 271.8884 563.95593 446.33813 2964.3611 
1.256761 2029.424 0.8812476 285.55243 147.70833 565.2923 360.76376 323.1427 271.89096 563.95905 446.33014 2964.6396 
1.263595 1509.141 0.93835 285.55417 147.94687 565.10681 360.7496 323.08691 272.00983 563.7052 446.31625 2964.4753 
1.277354 1604.416 0.910326 285.74435 148.14642 564.87665 360.7973 323.19983 272.09213 563.59259 446.34485 2964.7939 
1.277874 1958.368 0.9231399 285.84912 148.10951 564.95166 360.81479 323.30389 272.07715 563.66766 446.28445 2965.0583 
1.278963 1590.132 0.9387471 285.79916 148.18126 564.84344 360.78644 323.23547 272.13464 563.51978 446.3056 2964.8059 
1.280046 1504.792 0.9514404 285.79663 148.22652 564.87378 360.78296 323.22742 272.14685 563.51361 446.22876 2964.7966 
1.284869 1897.918 0.9356485 285.94403 148.25284 564.85431 360.83383 323.35855 272.14276 563.56586 446.23602 2965.1882 
1.291439 1602.224 0.9605211 285.97943 148.4169 564.72205 360.86969 323.34668 272.25665 563.37646 446.21051 2965.1782 
1.297477 1480.388 0.9420867 286.0488 148.5551 564.55426 360.84949 323.40247 272.29092 563.27808 446.26089 2965.24 
1.301539 1406.089 0.9535344 286.06564 148.63092 564.57159 360.83002 323.36493 272.34341 563.23303 446.22626 2965.2659 
1.301539 1406.089 0.9535344 286.06677 148.63745 564.53308 360.845 323.41766 272.32779 563.30017 446.26166 2965.3896 
1.309275 1389.892 0.9474483 286.17169 148.78175 564.45221 360.82596 323.45627 272.40039 563.16931 446.19418 2965.4517 
1.310109 1522.241 0.9754623 286.2901 148.76056 564.50848 360.88733 323.47678 272.39661 563.09973 446.17435 2965.594 
1.313176 1681.688 0.962838 286.3179 148.78773 564.52063 360.94647 323.56113 272.41147 563.19153 446.18985 2965.9268 
1.327819 1627.358 0.9705615 286.52045 149.05646 564.29907 360.95706 323.65356 272.55145 562.99933 446.13898 2966.1763 
1.346045 1768.168 0.905399 286.73813 149.34018 564.09595 360.99011 323.84058 272.67477 562.83081 446.06424 2966.5747 
1.364249 1557.368 0.9256368 286.98627 149.72278 563.87885 361.00626 323.92868 272.84073 562.55157 446.02313 2966.9382 
1.376825 1739.442 0.8973341 287.12866 149.8987 563.66724 361.09341 324.09549 272.94348 562.51685 446.08597 2967.4297 
1.377498 1744.12 0.9451418 287.18896 149.91675 563.76923 361.12579 324.08667 272.9382 562.5036 446.03229 2967.5615 
1.389715 1516.959 0.9481998 287.336 150.17236 563.44733 361.11917 324.19669 273.0975 562.2652 446.04004 2967.6743 
1.407976 1748.852 0.9306511 287.6214 150.44392 563.34058 361.17871 324.38599 273.20209 562.1814 445.98788 2968.3418 
1.407976 1748.852 0.9306511 287.61972 150.44893 563.33972 361.20584 324.33154 273.20633 562.13867 445.99744 2968.2881 
