0.8526588 1048.71 0.9252422
0.8861833 1139.16 0.9999796
0.8896721 1420.905 0.8373074
0.8918882 2592.827 0.4761134
0.8936978 2486.385 0.5693887
0.8980172 1829.566 0.796827
0.8988975 952.3035 0.9920275
0.9072432 767.6378 0.9999796
0.9133616 1986.569 0.7601149
0.9155154 2784.417 0.5235116
0.9159812 2024.898 0.5446738
0.9190089 2127.355 0.9483096
0.9204901 886.6639 0.9697741
0.9241251 1027.491 0.8752076
0.9262674 1772.658 0.6093402
0.9293836 1062.398 0.9476031
0.9330002 735.3388 0.9827613
0.9349135 2347.91 0.6356252
0.9369905 3117.574 0.8232048
0.9472163 856.0249 0.9999796
0.9493701 3193.261 0.947921
0.9557453 2168.502 0.6556998
0.9585481 3137.043 0.6442051
0.9649336 3271.9 0.3321667
0.9649336 3334.125 0.3200988
0.9649336 3351.809 0.3711562
0.9649336 3357.637 0.3151546
0.9649336 3375.702 0.4212585
0.9649336 3384.406 0.3436043
0.9685943 2726.788 0.9653417
0.9785362 1138.841 0.8137367
0.9787675 3241.871 0.9999796
0.9822429 1609.006 0.874868
0.9873634 2133.978 0.7965383
0.9927814 2347.429 0.9641562
0.9939985 1722.173 0.6117713
0.9986365 820.2608 0.9999796
1.004789 2921.078 0.2903737
1.009662 2183.379 0.4992806
1.011765 804.523 0.8648809
1.012315 2814.791 0.905927
1.012364 575.0238 0.8959759
1.013689 2397.357 0.7183624
1.014467 1210.768 0.9582175
1.017867 834.4693 0.9999796
1.018669 1655.972 0.8020058
1.019181 2231.766 0.9306585
1.029851 2581.259 0.4868592
1.032489 2765.187 0.3826071
1.033812 811.4964 0.9999796
1.035399 2740.736 0.5183216
1.036369 1207.52 0.941363
1.036529 2137.005 0.5192142
1.037894 2242.673 0.6408373
1.038743 3731.971 0.4103816
1.04014 3305.823 0.4135911
1.040982 1393.88 0.7495561
1.041058 1659.767 0.7182112
1.042527 3313.158 0.7895394
1.0443 2645.427 0.7363095
1.047522 1679.464 0.8345971
1.049907 2926.235 0.6272388
1.050189 2564.958 0.7431361
1.050705 3971.974 0.299769
1.054255 3710.42 0.2051605
1.054399 1451.982 0.8900892
1.056437 3066.427 0.4710817
1.058507 756.1339 0.9999796
1.058786 2583.862 0.4689428
1.060689 972.4508 0.8960197
1.06313 3135.44 0.5618407
1.067274 552.5671 0.9972913
1.067687 2259.077 0.4709802
1.067814 856.2395 0.8861528
1.067892 1028.206 0.9210724
1.067902 1611.137 0.6490871
1.068623 1206.46 0.9354946
1.06876 552.5671 0.9935082
1.070424 3548.263 0.6649394
1.07245 1168.91 0.7895683
1.076009 3685.823 0.9509559
1.076074 3402.362 0.9999796
1.076153 2520.258 0.9288238
1.082721 1205.161 0.9345945
1.08298 2760.871 0.4760588
1.088618 3495.654 0.5840437
1.096141 2563.087 0.8787533
1.096523 983.3625 0.9969625
1.10061 3757.925 0.2191167
1.100949 2451.677 0.6902208
1.101136 3672.59 0.1957324
1.102429 552.5671 0.9906744
1.102546 3242.029 0.4570922
1.103142 4033.651 0.3807608
1.104786 3054.757 0.7698605
1.105547 2640.322 0.4484745
1.106397 552.5671 0.9895839
1.114876 3074.081 0.769902
1.115141 3307.571 0.3716439
1.116677 1969.083 0.6219587
1.11684 2903.773 0.8839969
1.126298 3122.211 0.5193679
1.127962 4200.756 0.08013812
1.129117 3224.59 0.3861889
1.130327 2229.238 0.5949538
1.133086 3210.055 0.6889817
1.133601 1894.998 0.7776178
1.134847 3913.495 0.5048327
1.13495 1203.471 0.9347421
1.135412 1202.378 0.9277985
1.137419 2917.406 0.7623923
1.138195 3023.614 0.3211641
1.140089 3443.279 0.9366123
1.141029 4054.634 0.3947156
1.141463 3187.675 0.5629198
1.141678 2585.816 0.6895328
1.141686 2962.225 0.7222645
1.146737 2590.938 0.3529004
1.149618 1492.892 0.7960813
1.15236 1457.383 0.752812
1.155798 1693.672 0.6561383
1.15709 1722.863 0.9218144
1.158039 657.3329 0.9163882
1.159322 3901.433 0.5178312
1.159373 1459.167 0.9888073
1.159869 4177.849 0.09848258
1.162716 840.8644 0.8755706
1.162877 4080.436 0.327784
1.170661 4054.634 0.398815
1.171171 2989.497 0.9745434
1.175151 4734.998 0.5898263
1.175368 1981.383 0.6405775
1.176403 4280.947 0.1982837
1.177437 2806.086 0.9185099
1.180443 2150.624 0.7255259
1.181758 2008.629 0.8916497
1.182151 4054.634 0.4278491
1.183905 4150.361 0.1023413
1.185085 1785.019 0.8819347
1.185097 3141.309 0.338226
1.185631 4089.091 0.3878649
1.18609 4054.634 0.4182916
1.186987 4023.064 0.4151295
1.187743 3391.083 0.8273137
1.189575 4054.634 0.4283171
1.190169 4054.634 0.4274373
1.193974 4127.445 0.1136716
1.194694 3011.262 0.5218714
1.201843 861.2352 0.985274
1.202764 2135.625 0.8095383
1.202876 2052.857 0.6304374
1.203088 1248.012 0.7382967
1.203502 3899.29 0.3164863
1.204418 1346.652 0.9468294
1.206065 1450.274 0.790282
1.206388 1855.182 0.8409724
1.207775 4040.248 0.3375901
1.209089 2791.209 0.5969953
1.209595 2929.528 0.3873258
1.211314 4047.226 0.4065276
1.212444 3352.741 0.2061478
1.218754 4128.038 0.1355619
1.219684 2667.099 0.4160352
1.220168 4125.206 0.3568234
1.221125 4070.057 0.1024309
1.221629 2470.922 0.4166264
1.222074 3156.777 0.7304347
1.226749 1603.536 0.6611444
1.23476 3354.248 0.9658965
1.236505 3414.258 0.5363128
1.237438 4136.891 0.3309351
1.237579 1605.121 0.9479837
1.237737 4216.506 0.2924323
1.239072 3418.504 0.7727464
1.240923 3603.391 0.2172962
1.241594 4039.467 0.4360136
1.243248 3351.163 0.7314914
1.244106 552.5671 0.9775237
1.245514 3307.676 0.4871209
1.250771 2338.568 0.7302551
1.253591 1400.181 0.7877367
1.25583 2893.664 0.3143816
1.258728 952.8378 0.9999796
1.262904 1314.125 0.99464
1.269163 4162.391 0.3722299
1.270941 3822.167 0.5885679
1.271373 1217.607 0.9999796
1.273005 2793.389 0.2624931
1.273007 2306.368 0.9467367
1.274524 3465.816 0.6071398
1.278152 1615.641 0.7220346
1.2811 2835.119 0.6828065
1.284354 552.5671 0.9910659
1.285037 637.6752 0.9999796
1.2865 3916.534 0.4573985
1.287596 1714.8 0.9321596
1.287787 4339.885 0.03972815
1.288002 1420.938 0.9909787
1.289448 3135.283 0.4572557
1.290649 1673.756 0.7860993
1.291292 3715.725 0.2733128
1.291429 3841.582 0.6028972
1.29472 2002.775 0.6019458
1.29715 4103.512 0.4152793
1.297923 3790.273 0.6351771
1.298408 2400.916 0.774888
1.303224 3943.746 0.4825766
1.304253 2152.131 0.5319589
1.309947 2570.994 0.5777817
1.310772 2462.994 0.3994788
1.31117 2738.203 0.8947693
1.311775 3864.552 0.571059
1.314724 2084.402 0.4969101
1.318019 3942.344 0.4778231
1.318019 3972.868 0.4994471
1.318019 3975.924 0.4991881
1.318019 4131.682 0.4099611
1.318019 4143.045 0.3954048
1.318019 4167.779 0.3851643
1.318284 2809.727 0.8702145
1.318375 2161.376 0.5510154
1.318968 3381.833 0.7495904
1.321582 3117.338 0.4947628
1.321601 4016.161 0.2947433
1.333219 631.0522 0.9999796
1.333595 2643.144 0.4868272
1.338146 2581.674 0.7870113
1.342095 433.0193 0.9999796
1.343903 2012.683 0.8466888
1.347429 3975.599 0.845589
1.349225 684.7147 0.9986795
1.357282 2986.183 0.3367932
1.370195 1049.504 0.9999796
1.374172 2870.192 0.5157204
1.374902 2497.001 0.8660917
1.376817 1220.368 0.9999796
1.381417 2587.445 0.9492539
1.383932 3022.209 0.9999796
1.392369 902.5313 0.9074836
1.396706 2186.121 0.6259798
1.39925 1375.336 0.5712757
1.401342 1511.202 0.8534563
1.40531 3368.784 0.1878435
1.412102 1899.683 0.8310522
1.413479 1780.015 0.5985279
1.418015 3242.241 0.4671139
1.426759 1465.196 0.9580848
1.43611 2430.795 0.6362496
1.438495 1918.661 0.9999796
1.460295 2089.237 0.9999796
# initCovFnParam= 0.58923333662947 894.135438407087 0.740655980394372 4
