## Mon Feb 28 18:09:38 2022; Sample: 1; # of loci: 8; NrunsPerPoint=30;
## pointmin=1  pointmax=100 out of PointNumber=100
0.9026035 849.6802 0.9993482 280.90112 141.16866 573.0528 360.83221 320.68085 269.53439 570.74042 449.54742 2966.458 
0.9398955 1352.15 0.8956921 281.30081 141.56207 572.03998 360.73682 320.88736 269.61371 570.1618 448.84576 2965.1482 
0.9427493 705.3048 0.9993482 281.24515 141.98752 571.97229 360.76984 320.83655 269.88712 569.91156 449.21365 2965.8237 
0.9472703 627.7772 0.9993482 281.341 142.16986 571.85901 360.8165 320.87482 270.05856 569.77063 449.29834 2966.189 
0.9542678 677.0577 0.9993482 281.2879 142.2186 571.61523 360.71292 320.83606 270.01749 569.5835 449.07291 2965.3445 
0.9670266 632.0211 0.9993482 281.47934 142.47311 571.36597 360.72528 320.85016 270.09421 569.31256 449.03464 2965.3352 
0.9734736 864.5335 0.9993482 281.52115 142.37349 571.08423 360.68866 320.93668 269.89566 569.20685 448.629 2964.3354 
0.9782393 879.569 0.9919902 281.6123 142.41286 570.97089 360.6362 320.9856 269.87448 569.11615 448.59763 2964.2061 
0.9856388 1510.723 0.9309622 281.80255 142.30237 570.92664 360.61755 321.07483 269.80505 569.14441 448.40408 2964.0774 
0.9856388 1514.023 0.9299901 281.78647 142.29286 570.87549 360.65903 321.0907 269.78162 569.13202 448.36386 2963.9819 
0.9856388 1514.023 0.9299901 281.77161 142.28839 570.94989 360.64337 321.07944 269.80878 569.18945 448.33881 2964.0698 
0.9856388 1519.59 0.9288642 281.78308 142.29408 570.84821 360.67349 321.11087 269.77759 569.20441 448.27173 2963.9634 
0.9856388 1570.396 0.9279065 281.77789 142.28508 570.94763 360.65189 321.10828 269.79297 569.2251 448.35477 2964.1436 
0.9856388 1578.505 0.9273029 281.78961 142.27599 570.89081 360.62909 321.11929 269.7825 569.16919 448.31296 2963.9692 
0.9856388 1593.959 0.9202534 281.80762 142.26807 570.93091 360.63989 321.06931 269.77963 569.11707 448.37546 2963.988 
0.9884444 757.1281 0.9993482 281.73682 142.71913 570.85162 360.59564 321.02573 270.07547 568.8432 448.60916 2964.4568 
0.9884856 879.569 0.9937591 281.68765 142.61177 570.888 360.59634 320.99313 270.01648 568.85321 448.51221 2964.1589 
0.9905011 868.4884 0.9993482 281.75302 142.62654 570.7215 360.64667 320.96802 269.97595 568.8222 448.50226 2964.0161 
0.9910988 607.8365 0.9993482 281.71982 142.96053 570.83643 360.62772 320.8963 270.30457 568.71979 448.92377 2964.989 
0.9925954 879.569 0.9880765 281.79651 142.68724 570.60577 360.63416 321.03296 269.99219 568.80798 448.51624 2964.0728 
0.99837 879.569 0.9909528 281.87811 142.76239 570.55951 360.58728 321.09702 270.03821 568.63556 448.37033 2963.9285 
0.99837 879.569 0.9909528 281.79089 142.7742 570.46765 360.5329 321.11072 270.00497 568.6485 448.37 2963.6997 
1.004177 1087.543 0.9361016 281.85925 142.78369 570.31732 360.54892 321.08231 269.99445 568.62384 448.35486 2963.5645 
1.005776 1462.784 0.9555504 282.00217 142.6492 570.46442 360.60196 321.1106 269.91052 568.59296 448.11401 2963.4458 
1.015563 901.2646 0.9993482 282.00018 143.04263 570.16437 360.56824 321.16205 270.10062 568.25519 448.24225 2963.5354 
1.018569 1590.357 0.9274756 282.13773 142.83437 570.20264 360.56903 321.26669 269.95724 568.46661 448.0668 2963.5012 
1.018788 1379.648 0.9425836 282.08325 142.91141 570.177 360.59863 321.22308 270.05936 568.38983 448.01926 2963.4619 
1.019037 1022.315 0.9884529 282.07379 143.04794 570.05035 360.54623 321.13013 270.06653 568.23578 448.09903 2963.25 
1.019626 2633.644 0.8887688 282.28653 142.71141 570.3869 360.72629 321.38812 269.90768 568.69476 447.99435 2964.0962 
1.020125 1596.914 0.9417188 282.16727 142.86229 570.09082 360.61761 321.28351 269.96124 568.40369 448.00604 2963.3923 
1.025481 2165.169 0.5634955 282.28006 142.66324 570.30157 360.59937 321.50076 269.88025 568.94067 448.37927 2964.5454 
1.025982 1846.582 0.9187045 282.24463 142.92393 570.13391 360.61435 321.2868 269.95737 568.42236 447.95038 2963.5339 
1.025982 1846.582 0.9187045 282.22739 142.91986 570.11133 360.60574 321.30142 269.96704 568.43829 447.90344 2963.4746 
1.029536 1010.68 0.9684695 282.07837 143.2402 569.82922 360.55179 321.1918 270.13535 568.02515 448.04428 2963.0959 
1.029922 975.4121 0.9861533 282.13098 143.24931 569.84113 360.56326 321.20755 270.16232 568.00159 448.05899 2963.2153 
1.030035 1172.336 0.9725836 282.13559 143.16623 569.87012 360.57504 321.25308 270.11545 568.03827 447.90451 2963.0583 
1.034002 1179.911 0.9283912 282.16125 143.24117 569.79395 360.51065 321.25119 270.116 567.92291 447.95966 2962.9568 
1.034081 1144.182 0.9361198 282.12985 143.25623 569.75848 360.51437 321.18445 270.15814 567.97693 448.02521 2963.0037 
1.039497 1035.912 0.9788038 282.26138 143.36812 569.60101 360.57291 321.22314 270.23483 567.88452 447.93823 2963.0842 
1.044246 1129.542 0.9557205 282.28922 143.44458 569.50555 360.49344 321.28482 270.17307 567.79926 447.90359 2962.8936 
1.045315 1154.953 0.9273953 282.29709 143.43719 569.42291 360.49857 321.28323 270.21783 567.77063 447.91571 2962.843 
1.047497 939.0049 0.9764315 282.29221 143.59111 569.46753 360.50543 321.26382 270.24344 567.62964 447.92194 2962.915 
1.047904 879.569 0.9919339 282.30118 143.6057 569.48132 360.58868 321.20224 270.27393 567.6452 447.97919 2963.0774 
1.047904 879.569 0.9919339 282.26428 143.61096 569.41766 360.51212 321.28973 270.33029 567.65955 448.01389 2963.0984 
1.048765 1169.318 0.9631287 282.35391 143.49068 569.51862 360.5058 321.26889 270.22778 567.74115 447.79221 2962.8992 
1.048812 1046.372 0.9447618 282.30865 143.56027 569.42535 360.5123 321.30713 270.26288 567.59528 447.98444 2962.9563 
1.057209 1253.772 0.9548307 282.48932 143.60533 569.28955 360.5119 321.33389 270.2157 567.57141 447.76859 2962.7856 
1.058987 958.5761 0.9675135 282.40237 143.7724 569.25372 360.55807 321.26044 270.40036 567.3443 447.87714 2962.8689 
1.05921 1012.789 0.9494658 282.39066 143.75317 569.18695 360.51819 321.30518 270.27805 567.5387 447.79614 2962.7671 
1.059239 1842.901 0.929544 282.64468 143.49174 569.37274 360.57016 321.43716 270.17999 567.6333 447.64816 2962.978 
1.061579 1257.76 0.9406717 282.50488 143.68813 569.14001 360.47882 321.4025 270.25363 567.50916 447.7594 2962.7363 
1.062148 1212.434 0.9640063 282.5419 143.6991 569.1911 360.51083 321.34262 270.28769 567.45459 447.72455 2962.7524 
1.063619 1030.078 0.9743777 282.46561 143.79402 569.1145 360.47729 321.33414 270.34116 567.45648 447.78033 2962.7634 
1.072372 1030.803 0.9579747 282.60986 143.9859 569.01044 360.42203 321.36438 270.41312 567.21313 447.77618 2962.7949 
1.072372 1030.803 0.9579747 282.56799 143.96269 568.9704 360.48087 321.45651 270.42795 567.32281 447.76187 2962.9512 
1.074106 968.6981 0.9554684 282.62683 144.02928 568.7962 360.4296 321.45441 270.47348 567.21521 447.75528 2962.7805 
1.074994 1182.251 0.935144 282.60916 143.93576 568.86621 360.48001 321.43063 270.39258 567.2453 447.70941 2962.6692 
1.075633 1495.545 0.9449803 282.70554 143.84456 568.98151 360.55945 321.52957 270.29797 567.32715 447.56531 2962.811 
1.075685 981.5045 0.9341825 282.55884 144.06638 568.87604 360.50272 321.40649 270.46017 567.25336 447.83878 2962.9629 
1.077763 2077.824 0.6818954 282.77219 143.65756 569.11383 360.56387 321.66306 270.21609 567.67523 447.74667 2963.4084 
1.078864 1158.458 0.9632189 282.68576 144.01094 568.84949 360.49258 321.4371 270.38235 567.18549 447.60153 2962.6453 
1.07965 1517.199 0.9396778 282.70819 143.90588 568.94037 360.54471 321.53659 270.35202 567.31946 447.51422 2962.8213 
1.082375 2872.649 0.6292111 282.9509 143.66168 569.2005 360.60806 321.77298 270.23059 567.77222 447.70685 2963.9036 
1.087375 1458.433 0.9248657 282.81683 144.07045 568.69556 360.54285 321.56506 270.4212 567.09937 447.49625 2962.7078 
1.089674 1940.793 0.7647766 282.95386 143.92969 568.79504 360.55273 321.66406 270.32272 567.34082 447.56451 2963.1235 
1.089674 1940.793 0.7647766 282.91046 143.93967 568.86237 360.5596 321.68433 270.32971 567.30444 447.55734 2963.1479 
1.090547 2620.595 0.7519962 283.02417 143.88748 568.961 360.63458 321.72754 270.31775 567.47351 447.54779 2963.574 
1.090887 1060.801 0.9381455 282.80478 144.2567 568.51184 360.47879 321.50189 270.51035 566.94415 447.61853 2962.627 
1.09855 1233.501 0.9484898 282.98389 144.32541 568.45483 360.444 321.60574 270.54559 566.86841 447.47079 2962.6985 
1.09933 1101.14 0.9345788 282.85986 144.38652 568.46771 360.47031 321.54865 270.54691 566.84631 447.44733 2962.5737 
1.099524 937.013 0.9347056 282.83423 144.50165 568.44171 360.4343 321.49335 270.62097 566.80182 447.57547 2962.7036 
1.099878 1094.017 0.9406641 282.8775 144.41245 568.35516 360.49118 321.5228 270.58371 566.70636 447.51755 2962.4668 
1.101794 1110.223 0.9539279 282.92432 144.43069 568.38672 360.42914 321.54343 270.55722 566.6933 447.48871 2962.4536 
1.102373 1013.787 0.9159308 282.88651 144.49869 568.26868 360.40854 321.5455 270.61041 566.74402 447.51901 2962.4814 
1.103609 879.569 0.9927753 282.89218 144.55376 568.32062 360.47452 321.58252 270.63651 566.6264 447.44458 2962.531 
1.104901 986.2366 0.9164361 282.87766 144.56403 568.35193 360.44037 321.59314 270.63361 566.73083 447.56985 2962.7612 
1.104901 986.2366 0.9164361 282.90067 144.54395 568.32507 360.47458 321.55441 270.66016 566.63495 447.61429 2962.708 
1.113339 1352.678 0.8835023 283.08856 144.53201 568.19598 360.4588 321.6705 270.59036 566.66669 447.37018 2962.573 
1.113339 2230.188 0.8421568 283.2594 144.35367 568.4176 360.58148 321.8071 270.50018 566.94769 447.30185 2963.1689 
1.113339 2381.904 0.8438912 283.26562 144.33562 568.44861 360.60123 321.83215 270.48102 566.93713 447.28729 2963.1887 
1.113339 2386.306 0.8007156 283.28876 144.3203 568.55042 360.6001 321.84641 270.47067 566.96112 447.33798 2963.3757 
1.113339 2463.401 0.6736514 283.24203 144.22847 568.51538 360.57947 321.9039 270.42242 567.07458 447.45917 2963.4255 
1.113339 2728.356 0.5394127 283.22781 144.12019 568.64856 360.58136 322.00421 270.41196 567.35809 447.64984 2964.002 
1.115061 970.3207 0.9115075 282.98929 144.73933 568.04376 360.44476 321.56104 270.72754 566.53827 447.4606 2962.5046 
1.11659 1127.276 0.9458963 283.06915 144.67065 568.11932 360.54376 321.70679 270.67841 566.45013 447.4274 2962.6658 
1.117641 2053.433 0.8116138 283.26819 144.42258 568.31976 360.57498 321.8338 270.492 566.84155 447.31717 2963.0698 
1.118881 1221.964 0.9227052 283.09579 144.67651 568.00049 360.47437 321.68445 270.63794 566.53729 447.34872 2962.4556 
1.118881 1221.964 0.9227052 283.13895 144.66115 568.04633 360.42068 321.73816 270.65985 566.46252 447.32422 2962.4517 
1.119715 974.703 0.919434 283.02628 144.79907 568.00208 360.41449 321.70306 270.7084 566.38782 447.45895 2962.5002 
1.121853 1859.254 0.9065288 283.27808 144.57199 568.21198 360.55344 321.81509 270.57022 566.60559 447.20026 2962.8066 
1.126799 1093.553 0.9227998 283.14258 144.85323 567.85181 360.48087 321.69217 270.70569 566.30634 447.41946 2962.4521 
1.130693 1021.329 0.8856987 283.15579 144.95883 567.72034 360.39932 321.77271 270.75031 566.24011 447.47708 2962.4746 
1.131073 2914.035 0.8882618 283.54221 144.60538 568.20673 360.64871 321.99893 270.59836 566.66528 447.15753 2963.4231 
1.133835 1021.329 0.9009013 283.1983 145.01474 567.76428 360.42709 321.73099 270.79483 566.18103 447.31226 2962.4236 
1.133998 1981.218 0.7128481 283.40085 144.65891 567.99133 360.51147 321.98541 270.58405 566.64661 447.33093 2963.1094 
1.134114 1021.329 0.9002159 283.18829 145.03442 567.71423 360.48483 321.74274 270.83865 566.15002 447.36209 2962.5154 
1.136198 1067.166 0.9216284 283.29849 145.05234 567.63379 360.48532 321.81387 270.79382 566.11493 447.34473 2962.5374 
1.136345 1021.329 0.8746507 283.21262 145.04364 567.7298 360.43597 321.72513 270.81711 566.19617 447.39716 2962.5579 
1.136345 1021.329 0.8746507 283.21844 145.05328 567.68207 360.44742 321.79749 270.79236 566.28412 447.45111 2962.7263 
1.137791 1513.222 0.9127993 283.41238 144.91197 567.81458 360.4881 321.86206 270.70123 566.29309 447.13333 2962.6167 
1.139334 1021.329 0.9114641 283.35767 145.12305 567.66406 360.44482 321.7511 270.83389 565.97687 447.32986 2962.4812 
1.145482 1021.329 0.908399 283.36362 145.23154 567.5946 360.50595 321.84564 270.88177 566.00763 447.35049 2962.7812 
1.158394 2292.31 0.7560244 283.76917 145.0752 567.66864 360.5889 322.12317 270.77386 566.24176 447.10254 2963.3433 
1.162414 1179.882 0.9093802 283.60321 145.42885 567.31616 360.4711 321.96982 270.93906 565.74078 447.0462 2962.5151 
1.203559 2482.373 0.6772741 284.31955 145.7886 567.02814 360.61063 322.46027 271.04102 565.65698 446.89279 2963.7981 
1.2135 2848.836 0.7248881 284.46915 145.97615 566.841 360.69678 322.56198 271.14542 565.51398 446.82132 2964.0259 
1.224297 2102.063 0.69121 284.48001 146.16795 566.61932 360.62756 322.55261 271.19766 565.31805 446.8519 2963.8149 
1.230227 1361.953 0.9145828 284.49655 146.53577 566.1521 360.57166 322.46066 271.39902 564.75311 446.70654 2963.0754 
1.394229 2524.032 0.7300917 286.73392 149.06499 564.32483 361.0134 323.90955 272.53519 563.20941 446.21069 2967.002 
1.394229 2524.032 0.7300917 286.73535 149.07025 564.32355 361.03265 323.86731 272.53412 563.17902 446.21649 2966.9587 
