0.612942 8265.885 3.50865e-05
0.6303598 4253.147 0.6074474
0.6309867 9216.255 3.50865e-05
0.6452891 7783.827 3.50865e-05
0.6558216 5245.806 0.4266662
0.6567526 17008.36 0.6217689
0.6602815 10508.6 0.5258081
0.6610134 5482.33 0.7407956
0.6679939 4060.615 0.725487
0.6692285 10133.24 0.2649444
0.6695652 11567.03 0.5088205
0.6698915 10684.17 0.2165793
0.6737479 15050.92 0.3687565
0.6737942 1889.849 0.8690756
0.6787221 4425.688 0.6311906
0.6817594 4187.747 0.2428884
0.6830672 20932.67 0.3744341
0.6838197 8136.324 0.1274539
0.6847079 9948.967 3.50865e-05
0.6853377 7054.389 0.6701211
0.6899287 5119.515 0.04700059
0.6903298 9187.09 0.4983071
0.6914184 3311.929 0.3142336
0.6919827 3336.275 0.5313128
0.6933047 16897.66 0.3117453
0.693779 6508.496 0.8672497
0.6944905 3296.698 0.9205717
0.6954914 8213.182 0.4750273
0.6972911 12347.72 0.6412942
0.7047477 5315.03 0.882364
0.7063156 13811.45 0.266323
0.7065323 15018.15 0.4728583
0.7154949 15145.84 0.3494445
0.7162046 15709.11 0.53588
0.7216361 8593.684 3.50865e-05
0.725646 7121.155 3.50865e-05
0.7260303 15286.3 0.4583367
0.7262991 21010.49 0.426683
0.7289296 7766.952 0.8315889
0.7296766 14012.11 0.3308251
0.7317487 2760.4 0.6846044
0.7330449 5607.195 3.50865e-05
0.7341561 9486.381 0.8481226
0.7342114 4198.449 0.9126915
0.7343164 3591.762 0.5622648
0.7345119 10524.42 0.5307277
0.7353442 8839.752 3.50865e-05
0.7355518 11448.39 0.5670202
0.7364768 16757.22 0.5128143
0.738364 4345.671 0.8726296
0.7388584 11238.96 0.6857324
0.7388852 7952.317 0.03160347
0.7397131 9015.996 0.3113472
0.7417896 16591.13 0.6984855
0.7433583 12083.71 0.5315811
0.7464954 7019.082 0.6726368
0.7515521 2884.082 0.2228802
0.752063 14313.49 0.5799748
0.7523835 4324.836 3.50865e-05
0.752853 16122.8 0.6991273
0.7531099 13168.1 0.367878
0.7544238 4622.273 0.9091574
0.755689 10104.18 0.7622864
0.756503 5307.31 3.50865e-05
0.7568787 12510.98 0.09013608
0.7589798 7907.024 3.50865e-05
0.7598453 8828.655 0.6092856
0.7601679 9947.768 3.50865e-05
0.7604773 7101.897 0.1985541
0.7615641 2970.073 0.7711259
0.7626376 13695.37 3.50865e-05
0.7630701 10496.14 0.6499928
0.7640424 16131.05 0.4399948
0.7652577 3733.317 0.8506731
0.767484 20696.64 0.503442
0.7712534 18057.29 0.02968947
0.772272 6205.718 3.50865e-05
0.7750555 5884.15 0.7774704
0.7760426 17722.24 0.5613661
0.776393 20269.79 0.32669
0.7769377 8448.829 3.50865e-05
0.7775127 3959.076 0.9115375
0.7777918 8029.002 0.08670141
0.7841387 3801.266 0.9379507
0.7854009 8508.111 3.50865e-05
0.7863205 20006.14 0.1437249
0.7865802 20863.14 0.321737
0.7880829 7735.001 0.07666843
0.7898677 21173.27 0.3432038
0.7899942 7316.295 3.50865e-05
0.7903345 2278.817 0.888999
0.7906913 6270.876 0.2116792
0.7929496 13405.92 0.03265846
0.7960798 4333.842 0.5661489
0.7962683 10711.28 0.1355518
0.7970766 16908.62 0.0495335
0.7976033 14983.92 0.6181828
0.8006857 10143.28 0.09074983
0.8007875 7937.204 0.03593301
0.8011772 22349.69 0.3647678
0.8018859 21930.42 0.3718196
0.8020347 1666.975 0.7225639
0.8033908 11137.05 0.09241545
0.8046965 1053.209 0.5232123
0.8057772 11181.8 0.04692573
0.8066828 19856.96 0.6028644
0.8070519 14557.77 0.01370867
0.8071369 6695.323 0.2617667
0.8080244 17818.23 0.1717255
0.8093397 20075.71 0.6233381
0.8098825 6515.267 0.02468467
0.8105415 15014.23 0.5116165
0.8105795 2494.036 0.6582928
0.8107359 10198.56 0.8734672
0.811513 13620.09 0.03599114
0.811892 4993.56 0.9262831
0.8119142 11544.05 0.7211505
0.8154607 8435.931 0.09091492
0.8154795 14544.29 0.1913696
0.8156176 9231.239 9.466921e-05
0.8156305 6384.852 0.1582885
0.8160933 9231.252 8.963635e-05
0.8161796 9231.253 8.00577e-05
0.8163737 17481.12 0.7186674
0.8164911 9231.26 7.439465e-05
0.8165261 9231.261 7.90657e-05
0.8165956 10639.72 0.5093995
0.816697 12498.78 0.284592
0.8167455 9130.755 3.50865e-05
0.8168674 7610.172 0.1076258
0.8169097 9231.273 7.767151e-05
0.8200352 1546.948 0.8763288
0.8201573 6587.791 0.04005101
0.8205138 5958.758 0.2987827
0.8218149 2471.354 0.8522751
0.821888 1241.493 0.7952709
0.822211 10135.18 0.8676787
0.8250594 10077.26 0.597706
0.8254092 5939.13 0.1713136
0.825853 5065.294 0.6382903
0.8279641 13791.17 0.6804218
0.8280525 12698.62 0.04475028
0.8303561 5157.356 0.3804545
0.8310839 9611.782 0.0693159
0.8323715 9116.114 0.08998056
0.8334806 5604.445 0.1912586
0.8336349 17268.85 0.4230024
0.8346625 16482.23 0.7308682
0.8348507 3759.197 0.9368155
0.8360442 13353.03 0.1029506
0.8369671 18628.5 0.4220003
0.8405659 2018.458 0.547623
0.8418049 13288.46 0.8379185
0.8421806 6946.247 0.4377903
0.842364 13849.73 0.6287841
0.8444868 5878.199 0.1428942
0.8445739 2595.453 3.50865e-05
0.8457329 21348.23 0.2713312
0.846755 19701.24 0.1911966
0.8479951 18359.86 0.6946744
0.8481436 10130.45 0.03958462
0.8483869 6495.807 0.8661727
0.8485313 7169.594 0.864346
0.8504464 8000.347 0.9120035
0.8538117 8349.884 0.05629949
0.8538869 12140.96 0.7014586
0.8576438 7850.773 0.0603686
0.8578426 16859.76 0.1615118
0.8600048 9097.284 3.50865e-05
0.8603219 10063.51 0.2272377
0.8609758 5747.34 0.9051851
0.8698594 21688.38 0.5306817
0.871018 8655.276 3.50865e-05
0.8737427 1594.081 0.7535136
0.8748802 4828.525 0.7027088
0.8751279 5519.21 0.6830134
0.8755007 3972.572 0.05925448
0.8760425 12381.8 0.7074537
0.8771468 11615.54 0.4032837
0.8772477 17767.68 0.6133945
0.8812197 16007.04 0.05069019
0.883774 9154.594 0.7317952
0.8854386 12504.39 0.008280438
0.886 2181.303 0.6486184
0.8891966 6925.051 0.6260219
0.8907272 20636.86 0.1929261
0.8915285 2963.613 0.908778
0.8927627 10899.92 0.68557
0.8932666 7229.268 0.6581642
0.8950269 8199.594 3.50865e-05
0.8957786 2869.802 0.7607121
0.8964281 8846.142 0.8745877
0.8966416 6603.166 0.1537045
0.899268 3717.307 0.1868163
0.8994303 4936.368 0.3397771
0.902239 14527.4 0.6455728
0.9026438 4861.239 0.9216928
0.9029714 7591.906 3.50865e-05
0.9045771 16521.68 0.1334997
0.9057553 2549.943 3.50865e-05
0.9066611 19583.53 0.4514045
0.9078094 2509.632 0.9397469
0.9088494 9482.887 0.6165013
0.9109066 1972.918 0.8952115
0.9110227 8759.907 0.8099786
0.911403 2076.104 0.794784
0.9120078 7953.495 3.50865e-05
0.9162396 18655.08 0.1775404
0.9215935 10029.36 0.08455818
0.9225705 5292.555 0.6650858
0.9244465 12066.67 0.5913465
0.9274211 12329.58 0.4521162
0.9275877 9706.331 0.3469769
0.9278193 2241.448 0.8178917
0.9312854 20056.26 0.5623491
0.9315422 7049.192 3.50865e-05
0.9349987 5208.369 0.5484313
0.9352876 3918.822 0.6017962
0.9378602 18077.37 0.6464259
0.9384832 14095.95 0.6596536
0.9475248 15505.83 0.6928858
0.9507412 7492.922 0.4896429
0.9509693 12305.68 0.7431876
0.9539702 21815.31 0.5846848
0.9554262 6962.627 0.6140592
0.9562162 1579.619 0.4973326
0.9567221 12015.27 0.6052727
0.9567669 12695.36 0.5710121
0.9588287 11094.87 0.8583375
0.9593329 7866.636 0.5882587
0.9610934 6635.393 0.2103793
0.9619354 12432.27 0.3799181
0.9635458 12686.2 0.2666207
0.9648233 17102.43 0.5506716
0.9663313 8582.913 3.50865e-05
0.9681545 3823.253 0.867557
0.9686924 13525.82 0.8028301
0.9718254 6861.659 0.5597477
0.9783666 2505.115 0.5574351
0.9805832 4086.795 0.2191372
0.9846192 9749.298 0.7932067
0.9874567 10516.71 0.2836679
0.9926681 16285.42 0.3724447
0.9964042 8087.989 0.6863475
1.002844 13207.79 0.5969278
1.008051 7930.394 0.6627705
1.02146 6475.455 3.50865e-05
1.028881 1975.806 0.6291936
1.039197 9683.124 3.50865e-05
1.06057 7661.66 0.6246114
# initCovFnParam= 0.562940614677952 2914.07345146833 3.94595460979319 4
