0.6068671 6866.958 0.3088264
0.6187591 3591.75 0.6670574
0.6280073 9304.741 8.77201e-06
0.631665 11744.71 0.2336351
0.6367711 11809.73 0.7465232
0.6414915 19160.6 0.8177664
0.6423745 9756.064 0.621983
0.6462303 6438.263 0.4107538
0.6476067 14107.35 0.5906185
0.6512619 11833.04 8.77201e-06
0.6520798 10497.9 0.3168781
0.6552926 11612 0.6311107
0.6590172 3870.448 0.7996376
0.6701745 6694.263 8.77201e-06
0.6723151 8137.295 0.7480719
0.6760541 14752.56 0.724732
0.6760664 9867.064 0.09822282
0.6794524 9721.883 0.5767844
0.6861666 6134.065 0.6643936
0.6862138 4584.206 0.3458353
0.6879434 7980.486 0.7428334
0.6901033 9126.735 0.6799048
0.6934703 11614.04 0.7841187
0.6971869 3080.334 0.761148
0.6973392 9032.675 0.4657737
0.6990272 12016.82 0.6063008
0.701439 5101.776 0.335648
0.7025482 14281.25 0.7215578
0.7031036 1258.365 0.6640741
0.7050714 3896.682 0.8578387
0.7060371 8111.861 8.77201e-06
0.7074733 7466.896 0.4267496
0.7085205 2559.726 0.7458079
0.7102364 4550.981 0.7887246
0.7129095 1420.481 0.3906475
0.7143118 14855.82 0.3417481
0.7171661 14572.21 8.77201e-06
0.7199381 10509.98 0.4108157
0.7203078 15603.85 0.1355091
0.7208711 21012.36 8.77201e-06
0.724892 14424 0.1326742
0.7261629 12965.41 8.77201e-06
0.7347393 10603.86 0.6344245
0.7349295 14479.53 0.6240279
0.7381441 15948.73 0.4249115
0.7406973 7340.48 0.8685246
0.7411157 10663.75 8.77201e-06
0.741985 20043.85 0.2592947
0.7429874 3295.909 0.9282057
0.7453784 18308.52 0.6072323
0.745512 10281.28 0.4196292
0.7460718 16159.09 0.1663829
0.746818 9244.372 0.7463621
0.7487637 2878.631 0.5738687
0.7550197 1456.348 0.7745806
0.7575388 4320.159 0.6163164
0.7587477 1781.889 0.6727671
0.7590984 1686.213 0.6862377
0.7616047 10950.81 8.77201e-06
0.7628415 15351.16 0.6709621
0.7648859 9822.322 8.77201e-06
0.7657794 6737.616 0.8404407
0.767059 3397.358 0.669179
0.7705982 7788.786 0.01720278
0.7725756 8451.564 8.77201e-06
0.7734894 6859.009 0.2200186
0.7747273 16777.23 0.658372
0.774933 6467.504 0.05336282
0.7761629 5355.944 0.8052569
0.7764529 17300.41 0.1725884
0.7778705 7204.64 0.8667093
0.7807172 20559.24 0.2351196
0.782728 8094.679 0.7223815
0.7853319 7835.739 0.1656501
0.7867203 11933.73 0.6430331
0.79106 7500.284 0.3749742
0.7918651 14224.55 0.7349164
0.7944712 14054.65 0.630735
0.7963115 5137.488 0.287678
0.7977982 16342.25 0.6201517
0.8005288 6203.674 0.01035546
0.8006131 7072.036 0.05608451
0.8007662 4461.317 0.8168797
0.8011277 20918.05 0.5338388
0.8013686 2002.224 0.9009997
0.8027047 5071.958 0.3137815
0.8044997 5790.019 0.3412295
0.8064685 5278.534 0.5105577
0.8068567 5340.243 0.05976132
0.8069743 4096.753 0.2498163
0.8072514 4975.447 0.2962431
0.8081442 5804.435 0.3480528
0.8082985 3600.457 0.3545796
0.8094054 4448.263 0.5536701
0.8096955 4554.639 0.2156582
0.8102627 3348.433 0.3832376
0.8109424 4237.794 0.2033202
0.8112839 5824.035 0.2520676
0.8120509 15340.54 0.6745854
0.8121479 1422.497 0.5760529
0.8125126 9322.544 0.7545231
0.8131076 9734.967 0.09752854
0.8141232 17935.97 0.6731308
0.8146467 18897.4 0.103558
0.8147577 21338.37 0.2831593
0.8155947 4455.458 0.6395596
0.8156035 2771.334 0.02279329
0.8159219 3426.42 0.1894379
0.8161654 4372.591 0.9374075
0.8171393 6622.496 0.5391244
0.8185859 6376.251 0.02685643
0.8202131 9485.044 0.340785
0.821059 8194.579 0.07900319
0.8219399 6134.256 0.3256578
0.8222737 4990.407 0.05562908
0.8226044 1034.609 0.6086303
0.8233424 5705.797 0.63696
0.823803 1462.905 0.9196825
0.8246798 18351.92 0.3148265
0.8247731 5044.684 0.2367507
0.8248203 1259.993 0.9207402
0.8253645 14284.05 0.5905676
0.8264294 10742.67 0.6292307
0.8284608 7452.859 0.1092099
0.8287019 6494.369 0.6160862
0.8299335 6571.186 0.7201467
0.8304172 5707.445 0.7617962
0.8310215 5115.662 0.3698763
0.8315818 4880.26 0.3425133
0.8317254 15090.66 0.6165368
0.83399 6507.75 0.2207851
0.8341001 9131.281 0.1538196
0.8342482 2981.185 0.2501637
0.8343679 7785.607 0.09205134
0.8352686 9131.314 0.1630479
0.8354098 13351.82 0.5131731
0.835736 19480.84 0.1885721
0.8370718 7855.088 0.1310489
0.8381286 6793.226 0.004969059
0.8388024 7431.556 0.1721267
0.8390385 20925.24 0.5739323
0.8392508 12135.3 0.8298318
0.8399153 4708.094 0.3299798
0.8403912 2458.575 0.1885052
0.8408848 1858.204 0.2496653
0.8444561 14800.96 0.538327
0.8447579 9038.619 0.1020746
0.8471015 6218.093 0.3807628
0.8496076 6188.299 0.08899471
0.8502931 5215.357 0.383687
0.851037 5963.342 0.102676
0.8515317 8060.092 0.8814553
0.8518727 9481.249 0.5694943
0.8521091 20648.38 0.5439132
0.8527978 4029.204 0.282494
0.8536645 1564.784 0.616349
0.8565998 11005.15 0.8107062
0.8574384 4995.699 0.781179
0.8601148 19140.96 0.6514965
0.8607413 9649.455 0.7935327
0.8620472 4089.259 0.9232385
0.8621345 9132.139 0.3723447
0.862607 3964.173 0.9069868
0.8641807 9132.209 0.3881452
0.8644473 3713.875 0.6930604
0.8656335 1311.998 0.7533895
0.8661081 16505.92 0.1200211
0.8664344 9132.311 0.4083266
0.866504 10264.02 8.77201e-06
0.8677037 1194.621 0.7673579
0.8682225 20424.91 0.4550022
0.8687854 3276.738 0.9464961
0.8718762 5716.653 0.5292519
0.8727597 1685.342 0.3708989
0.8748037 17402.9 0.1597254
0.8766969 9132.629 0.4740754
0.8768931 7720.255 0.3390655
0.8840727 7708.722 0.9080559
0.8851342 10276.4 0.3846692
0.8867093 10227.71 0.07609346
0.886942 14646.14 0.1347748
0.8874901 8485.442 0.5989147
0.8898611 10890.18 0.7814427
0.8941705 16233.19 0.2133436
0.8944222 7384.524 0.6215615
0.8947609 15705.82 0.7326907
0.89696 4976.608 0.04437291
0.9011121 17596.59 0.4306708
0.9020943 7659.328 8.77201e-06
0.9024525 10664.45 0.2934916
0.9036363 2234.625 0.8874166
0.9040343 15450.65 0.1447381
0.9074567 3423.221 0.6283856
0.9075835 17346.3 0.1797918
0.908476 19234.57 0.04456752
0.9094535 2536.751 0.7795929
0.9119019 15184.47 0.5257883
0.9127745 23605.09 0.7850833
0.9142118 2084.775 0.1797366
0.9149998 6954.387 0.9172113
0.9205134 6930.472 0.1022951
0.9208085 3239.738 0.8366244
0.922448 4913.074 0.5612534
0.9277859 11737.45 0.1309528
0.9285524 14832.89 0.7842172
0.9315965 3816.723 0.02849957
0.9344563 18830.87 0.6982414
0.9351712 6697.447 0.404765
0.9363519 3031.972 0.3429062
0.9364679 10616.24 0.8456372
0.9372784 4754.103 0.6171506
0.9436279 18887.98 0.6174033
0.9452775 3841.758 0.780212
0.9472369 2023.79 0.8635246
0.9477639 18222.64 0.625725
0.9489323 3083.58 0.9268483
0.9493889 5633.837 0.7506609
0.9506506 3891.839 0.3181834
0.9509069 7537.325 0.5708795
0.951822 5055.37 0.5924379
0.9548003 11581.06 0.8402035
0.9557337 9448.889 0.1195755
0.9566752 8634.089 0.4279026
0.9575777 9915.125 0.7081101
0.9595082 9718.017 8.77201e-06
0.9611861 2859.885 0.7630335
0.9621415 2725.003 0.6653762
0.9629059 16073.37 0.7427016
0.9686276 12422.65 0.8362004
0.9714947 5861.508 0.8876656
0.9736961 4335.974 0.8886054
0.9738798 9034.219 0.4781846
0.9738867 2280.672 0.6622039
0.9765248 14589.4 0.5249155
0.9769001 8179.927 0.4175215
0.9822279 10853.62 0.03203185
0.9831104 3662.563 0.580594
0.9855058 6859.912 0.8063336
0.9906598 14300.56 0.5940914
0.991747 4760.581 0.5907048
0.9989455 7244.161 0.2665685
0.999675 9936.666 0.2558988
1.003218 5184.995 0.9383511
1.010749 9228.597 0.1740946
1.011151 2918.222 0.735636
1.024201 6862.749 0.8235238
1.032348 6552.076 0.739474
1.042147 13388.86 8.77201e-06
1.046406 10761.7 0.838714
1.055021 11954.94 8.77201e-06
# initCovFnParam= 0.558979508146409 2615.05638488313 3.06769258338542 4
