## Mon Feb 28 22:57:27 2022; Sample: 1; # of loci: 8; NrunsPerPoint=30;
## pointmin=1  pointmax=100 out of PointNumber=100
0.6182569 4379.679 0.7109948 193.95468 89.87442 373.85632 282.17902 202.75217 190.48695 452.23199 326.44958 2111.7852 
0.6420858 1548.281 0.8745836 193.92534 90.344353 374.09387 282.07959 203.11154 190.7168 450.53275 326.60284 2111.407 
0.642731 6079.777 0.06429567 194.12309 90.428665 373.86819 281.91412 203.07448 190.60393 449.526 326.26962 2109.8081 
0.647291 6532.29 0.6211973 194.34259 90.394951 372.88516 281.85349 202.91612 190.63019 451.26263 325.78516 2110.0703 
0.6678192 8315.773 0.2476996 194.55066 90.806549 372.53418 281.62424 203.09555 190.72972 449.90283 325.44742 2108.6912 
0.6718025 1451.342 0.7137848 194.16855 90.923523 373.61295 281.73569 203.5686 190.89211 448.79404 326.3107 2110.0061 
0.6774858 4974.723 0.7117014 194.64157 90.952919 372.24405 281.56589 203.1759 190.8223 450.04657 325.33868 2108.7878 
0.6838539 4308.277 0.7089195 194.68886 91.073669 372.16238 281.51443 203.26094 190.87022 449.68448 325.28125 2108.5361 
0.6894727 6127.95 0.2597446 194.7359 91.220558 372.18622 281.41864 203.32425 190.89049 448.7496 325.2244 2107.7502 
0.6959974 6588.461 0.06429567 194.75937 91.403511 372.47525 281.38519 203.44775 190.9212 447.67105 325.25717 2107.3206 
0.6959974 6588.461 0.06429567 194.78984 91.388283 372.49515 281.43378 203.50372 190.9072 447.68002 325.28888 2107.4871 
0.7105842 6802.743 0.6374704 195.08772 91.554306 371.36911 281.24689 203.4295 191.06082 449.02567 324.78156 2107.5554 
0.7120917 10726.98 0.1767529 195.10893 91.614784 371.43607 281.23108 203.45032 191.03326 448.44476 324.76328 2107.0825 
0.7174109 5440.448 0.8730376 195.18227 91.683586 371.19385 281.23001 203.48048 191.13295 448.98117 324.68307 2107.5674 
0.7217968 6114.472 0.7613301 195.2312 91.760193 371.09708 281.19217 203.55334 191.14958 448.77963 324.6174 2107.3806 
0.7271644 4525.297 0.9241209 195.28719 91.860519 371.03394 281.16678 203.59149 191.20035 448.60519 324.59637 2107.3418 
0.7302827 3426.289 0.7118251 195.19574 91.927086 371.30246 281.15433 203.74367 191.22427 447.96188 324.71997 2107.2295 
0.7318515 1647.28 0.06429567 195.04849 92.472641 375.40552 282.29849 205.31734 191.9259 443.85022 327.34531 2113.6638 
0.7320552 2990.89 0.5495893 195.14403 91.986046 371.5318 281.12436 203.84158 191.22083 447.31219 324.85593 2107.0168 
0.7327868 8095.649 0.4800223 195.39194 91.974098 370.88507 281.09692 203.65157 191.22795 448.25577 324.43552 2106.9187 
0.7570413 4257.295 0.5332206 195.57028 92.434685 370.72595 280.92752 204.00516 191.4151 446.99399 324.35645 2106.4292 
0.7570413 4257.295 0.5332206 195.58424 92.426361 370.76489 280.94098 203.99129 191.40576 446.92233 324.36288 2106.3987 
0.7574887 6933.986 0.8607168 195.75349 92.423729 370.32135 280.96161 203.88803 191.44455 447.84036 324.133 2106.7661 
0.7582142 5757.997 0.06429567 195.5661 92.564278 371.29596 281.00635 204.15932 191.44246 445.38254 324.61542 2106.0325 
0.7588129 5130.557 0.06429567 195.55397 92.599373 371.54007 280.97958 204.26936 191.45294 445.18274 324.64627 2106.2244 
0.7644612 6316.578 0.06429567 195.69989 92.666275 371.14868 280.95056 204.16092 191.46181 445.41025 324.46201 2105.9604 
0.7749947 8418.538 0.1233876 195.91273 92.812584 370.48547 280.83249 204.1777 191.52547 446.05954 324.10147 2105.9077 
0.7752223 10108.61 0.2335609 195.98088 92.779663 370.18619 280.82901 204.11034 191.54823 446.61523 323.98199 2106.0315 
0.7757331 8336.189 0.6172048 195.99579 92.761284 370.01761 280.82602 204.09892 191.60013 447.19296 323.92236 2106.415 
0.778663 3264.03 0.5517155 195.80278 92.838844 370.53027 280.84406 204.28534 191.61723 446.10229 324.2695 2106.2903 
0.781069 3720.164 0.6114282 195.89977 92.874382 370.34741 280.8241 204.25183 191.62833 446.25555 324.1236 2106.2048 
0.7887915 5603.338 0.06429567 195.98604 93.137848 370.83032 280.80542 204.46831 191.69557 444.58246 324.25702 2105.7629 
0.7887915 5603.338 0.06429567 195.99884 93.12088 370.82266 280.80972 204.4819 191.70181 444.44931 324.24734 2105.6326 
0.7893045 41.43628 0.1327237 214.89088 103.70377 450.60007 331.62094 239.44357 222.99289 521.26862 389.91406 2474.4348 
0.7913464 8481.267 0.1235672 196.14774 93.117409 370.1691 280.73901 204.34853 191.70393 445.51294 323.96118 2105.6997 
0.7917309 8778.852 0.1244671 196.14632 93.11499 370.17654 280.74234 204.33235 191.71272 445.58481 323.89676 2105.707 
0.7927431 9071.956 0.1253527 196.19974 93.134422 370.0672 280.71448 204.34982 191.69875 445.58148 323.87546 2105.6213 
0.7969453 10143.09 0.6755223 196.33971 93.153374 369.58151 280.72632 204.31189 191.79028 446.76654 323.65503 2106.3247 
0.7983273 9617.067 0.1710467 196.2683 93.23494 369.89273 280.70447 204.3634 191.75409 445.75308 323.74869 2105.7197 
0.7995548 9038.65 0.5188307 196.3383 93.208466 369.62003 280.71136 204.35835 191.79437 446.43906 323.67514 2106.145 
0.801428 6602.214 0.9329856 196.38426 93.240044 369.54791 280.71509 204.36818 191.84436 446.65192 323.65085 2106.4026 
0.80503 10382.52 0.129302 196.38271 93.354378 369.80768 280.64316 204.4731 191.8092 445.49371 323.68228 2105.6465 
0.8071365 3918.413 0.1566262 196.20421 93.47197 370.65793 280.80228 204.7312 191.86168 443.83682 324.20987 2105.7759 
0.8071365 3918.413 0.1566262 196.1783 93.484718 370.79642 280.75616 204.79276 191.88608 443.9494 324.2002 2106.0442 
0.807979 8139.444 0.5340635 196.45453 93.36174 369.51523 280.6644 204.46829 191.86934 446.15408 323.60803 2106.0957 
0.8130552 8896.772 0.3335084 196.52075 93.47821 369.53366 280.61752 204.53951 191.90172 445.69519 323.57379 2105.8604 
0.8133111 5053.169 0.2189538 196.37889 93.539925 370.09717 280.64566 204.71651 191.89735 444.43597 323.87692 2105.5884 
0.8179185 2354.932 0.8382369 196.35994 93.564026 369.96579 280.69711 204.73029 192.00761 445.31897 323.92328 2106.5669 
0.8210918 8526.227 0.204448 196.59492 93.645103 369.56247 280.59854 204.6613 191.97485 445.05438 323.58102 2105.6726 
0.8279361 8080.198 0.8628518 196.79689 93.73056 369.1105 280.60062 204.66568 192.08354 446.00833 323.38013 2106.376 
0.8329281 9091.871 0.4505459 196.82584 93.834343 369.14011 280.55502 204.77269 192.11035 445.49545 323.35678 2106.0906 
0.8338167 3507.295 0.9009502 196.74019 93.850357 369.34674 280.64716 204.83051 192.13585 445.40546 323.55453 2106.5107 
0.8373307 3067.579 0.9143015 196.76274 93.91806 369.3396 280.61383 204.86227 192.18538 445.24939 323.53705 2106.4683 
0.8387667 9426.963 0.3733933 196.91724 93.952049 369.0802 280.51974 204.84003 192.15143 445.22513 323.33096 2106.0168 
0.8387667 9426.963 0.3733933 196.92036 93.950012 369.09427 280.52432 204.82846 192.17625 445.22284 323.34436 2106.061 
0.8391103 5087.794 0.6498345 196.84894 93.940361 369.18652 280.54486 204.88103 192.18486 445.1553 323.44019 2106.1821 
0.8416441 9399.067 0.1557301 196.92368 94.03273 369.2706 280.49194 204.89696 192.15556 444.5274 323.38928 2105.688 
0.8443539 4545.052 0.9091124 196.95729 94.036324 369.0603 280.56915 204.90463 192.24806 445.31882 323.34686 2106.4414 
0.844919 6706.842 0.1181563 196.89766 94.133835 369.56836 280.53055 205.04306 192.2106 443.72229 323.54355 2105.6499 
0.8456872 9203.497 0.2402936 196.99312 94.097237 369.11758 280.49802 204.95569 192.22728 444.67776 323.32175 2105.8884 
0.8459482 5159.513 0.779017 196.98285 94.066765 369.02548 280.54044 204.936 192.25497 445.22162 323.33762 2106.3657 
0.8461894 4544.5 0.9008807 196.99313 94.079124 369.02936 280.53683 204.93951 192.2621 445.3143 323.35413 2106.5083 
0.8533753 8974.256 0.2652336 197.11325 94.239914 369.02475 280.47836 205.05511 192.29071 444.58066 323.27148 2106.0542 
0.8542894 5432.045 0.274995 197.00444 94.27272 369.32175 280.48431 205.13684 192.31671 443.88232 323.45847 2105.8774 
0.8554094 7488.029 0.461212 197.15059 94.25428 368.88623 280.46329 205.05171 192.33395 444.79395 323.22809 2106.1621 
0.8554094 7488.029 0.461212 197.15147 94.254921 368.87167 280.47879 205.05727 192.33757 444.7807 323.23889 2106.1714 
0.8590284 9320.534 0.5718045 197.24803 94.31411 368.71207 280.46213 205.07253 192.37709 445.0423 323.1424 2106.3706 
0.8643468 4976.505 0.7681481 197.25685 94.411842 368.81262 280.48117 205.18974 192.43176 444.74408 323.23596 2106.564 
0.8651813 7148.111 0.9209711 197.35986 94.429726 368.59998 280.48483 205.12518 192.46309 445.11356 323.09695 2106.6731 
0.8683985 8628.946 0.1543929 197.33086 94.540276 368.95755 280.42398 205.25325 192.42097 443.76813 323.19296 2105.8879 
0.868744 5361.043 0.973758 197.3875 94.495438 368.63565 280.47562 205.20512 192.48663 444.93292 323.11594 2106.7346 
0.8688117 9330.484 0.3520804 197.3799 94.513588 368.694 280.43265 205.21475 192.4623 444.48508 323.11618 2106.2983 
0.8695473 4460.371 0.9206625 197.34201 94.513962 368.71686 280.47168 205.21703 192.49916 444.76859 323.17728 2106.7065 
0.8737613 4711.035 0.4342247 197.31161 94.60743 368.96054 280.40344 205.37268 192.51134 443.83975 323.28943 2106.2964 
0.8792188 4756.589 0.9276165 197.51347 94.694672 368.57861 280.45142 205.34186 192.59843 444.58566 323.09738 2106.8616 
0.8827748 6644.676 0.9449535 197.62923 94.757683 368.41422 280.42554 205.35896 192.63551 444.71741 322.98032 2106.9189 
0.8827748 6644.676 0.9449535 197.63516 94.760178 368.38196 280.44696 205.3609 192.64124 444.68173 322.98734 2106.8955 
0.8835035 7788.604 0.931084 197.65955 94.774658 368.35974 280.42996 205.35861 192.64247 444.72723 322.95395 2106.906 
0.8836998 7107.069 0.8728118 197.63387 94.77858 368.4021 280.43417 205.37775 192.64302 444.65833 322.98093 2106.9087 
0.8867842 8313.014 0.5403996 197.66516 94.836769 368.40509 280.39111 205.4436 192.65736 444.28189 322.96796 2106.6489 
0.8898208 8529.73 0.9104293 197.76675 94.890137 368.25415 280.40433 205.44154 192.70598 444.63367 322.90744 2107.0039 
0.8987148 6834.717 0.6135859 197.82381 95.058777 368.30402 280.35983 205.61513 192.79671 444.02057 322.93286 2106.9116 
0.8998425 5054.696 0.9693809 197.86504 95.082283 368.26382 280.40814 205.60745 192.81256 444.23965 322.92517 2107.2041 
0.9095903 5990.256 0.9804775 198.04599 95.266815 368.10199 280.3866 205.71114 192.91652 444.1283 322.81058 2107.3679 
0.9115325 4403.484 0.866748 198.00159 95.29628 368.24356 280.36746 205.78482 192.92995 443.75851 322.91782 2107.2998 
0.9130038 6905.942 0.8500028 198.10208 95.324608 368.06271 280.35114 205.7729 192.95284 443.9603 322.79449 2107.321 
0.9163813 4311.662 0.9677253 198.09581 95.393608 368.142 280.37521 205.82652 192.9762 443.77145 322.87003 2107.4509 
0.9163813 4311.662 0.9677253 198.0963 95.393578 368.16467 280.38254 205.83234 192.9976 443.7912 322.84949 2107.5078 
0.9257982 5091.717 0.9783652 198.28455 95.569107 367.98322 280.3544 205.93927 193.08127 443.68765 322.76599 2107.6655 
0.9270724 7578.701 0.8465753 198.34227 95.587288 367.88736 280.33304 205.95717 193.09799 443.71667 322.69855 2107.6204 
0.9279895 7721.713 0.8161666 198.34846 95.603477 367.8725 280.33044 205.96461 193.11147 443.68805 322.70355 2107.6226 
0.9305733 5563.658 0.318384 198.28172 95.691895 368.32288 280.30515 206.13043 193.09781 442.46048 322.86899 2107.1594 
0.9344422 6528.32 0.3313108 198.37785 95.747826 368.1532 280.29062 206.1317 193.14609 442.60031 322.80591 2107.2534 
0.9350967 4355.916 0.9841473 198.40942 95.740868 367.94144 280.3284 206.09396 193.19992 443.41129 322.74484 2107.8701 
0.9353199 5955.213 0.9085752 198.45735 95.742584 367.84451 280.34085 206.07492 193.19261 443.50723 322.69861 2107.8586 
0.9363689 3549.693 0.9717679 198.38675 95.766006 368.0239 280.35806 206.13208 193.20306 443.30164 322.79758 2107.969 
0.9404489 6019.788 0.9083861 198.53209 95.838547 367.79123 280.33508 206.14825 193.24344 443.42105 322.65936 2107.969 
0.9573601 4961.119 0.3602705 198.65796 96.184746 368.05759 280.24384 206.50293 193.41249 441.91602 322.78745 2107.7629 
0.9573601 4961.119 0.3602705 198.68159 96.18705 368.04736 280.26392 206.48982 193.40373 441.91507 322.81372 2107.8022 
0.964489 6082.555 0.7091294 198.89079 96.286888 367.6221 280.25378 206.50731 193.51888 442.72919 322.58853 2108.3977 
0.9673155 5567.013 0.9605332 198.99178 96.343941 367.5173 280.30502 206.51135 193.55612 442.93033 322.54306 2108.699 
0.9717633 8973.6 0.9315756 199.12526 96.426636 367.38785 280.28229 206.55714 193.60899 443.00821 322.44647 2108.8428 
0.9771381 6911.774 0.1499474 199.06369 96.590965 367.96002 280.25751 206.77585 193.58151 441.21399 322.73126 2108.1748 
0.9820366 4929.966 0.1441105 199.01593 96.698906 368.34583 280.32742 206.96738 193.66339 440.46442 322.92194 2108.405 
1.005003 5297.251 0.9386249 199.62059 97.047569 367.2424 280.2926 207.05574 193.98309 442.21732 322.41299 2109.8723 
1.013169 3483.522 0.9780847 199.6848 97.206291 367.35147 280.29352 207.2153 194.08316 441.89279 322.47418 2110.2014 
1.036693 1653.856 0.9468525 199.83934 97.645805 367.81754 280.41736 207.73181 194.40443 440.7291 322.91812 2111.5037 
1.038654 3249.939 0.9744038 200.11313 97.677635 367.20172 280.30704 207.60588 194.37772 441.40067 322.45114 2111.1348 
1.048118 3557.255 0.2993783 200.15407 97.911133 367.77917 280.30164 207.95163 194.45932 439.61325 322.72037 2110.8906 
1.048118 3557.255 0.2993783 200.1066 97.913887 367.76889 280.3374 207.93121 194.44742 439.61746 322.77838 2110.9011 
