0.8326364 1827.489 0.992561
0.839294 2843.682 0.7158775
0.8585916 5941.471 0.994748
0.8655751 7676.5 0.9316555
0.8749208 6284.406 0.9961583
0.8798511 8810.499 0.4876959
0.8830211 1879.274 0.9719112
0.8838613 6369.607 0.8670978
0.8842296 4281.235 0.9186209
0.885989 806.062 0.9912932
0.8870247 8464.333 0.9947795
0.8907924 8220.95 0.01485152
0.8983296 1744.821 0.9865046
0.8999977 5690.715 0.9941665
0.9088823 8278.306 0.9971791
0.9147968 954.7201 0.9682116
0.9169908 6207.433 0.9952856
0.9185704 6142.839 0.2369697
0.921618 8772.013 0.01485152
0.9223365 3898.514 0.9885522
0.9261404 4131.691 0.5185824
0.9265263 4029.991 0.9745738
0.9278531 5485.14 0.9224642
0.9290555 5549.671 0.978644
0.9311038 6412.116 0.9486939
0.9385612 4541.922 0.993624
0.9408946 5099.43 0.01485152
0.9427031 5084.73 0.9729535
0.944959 2031.359 0.9899709
0.94593 2906.608 0.9834567
0.9484205 6930.282 0.9280183
0.9523509 6228.33 0.9641362
0.9555285 3910.577 0.9738901
0.9576855 5600.685 0.3708356
0.9579345 8046.469 0.9971589
0.9597053 6095.402 0.7168686
0.9622979 725.8152 0.9701044
0.9628285 6551.488 0.4964906
0.9645047 1966.292 0.8993469
0.9660536 8113.873 0.9016545
0.9665895 807.9729 0.9720559
0.9743207 5798.126 0.7550835
0.974434 1896.498 0.9494918
0.9778241 6976.132 0.890464
0.9786885 5408.78 0.9965323
0.978939 8258.632 0.9935432
0.9803248 606.2563 0.9022899
0.984179 5841.25 0.4447785
0.9855232 5677.868 0.3877114
0.9888592 7462.596 0.994656
0.9901405 1375.69 0.9787264
0.9920283 7474.144 0.9569869
0.9947177 3551.191 0.9927694
0.9947409 9065.437 0.9782866
0.9950614 3109.188 0.9903075
0.9964742 5238.292 0.7512184
0.9972578 4006.315 0.9951385
1.005364 2524.219 0.9915409
1.00549 6285.786 0.9956408
1.006323 9502.5 0.01485152
1.009477 4235.264 0.9860044
1.010697 1731.163 0.9469932
1.010723 5660.192 0.8565655
1.015724 6864.272 0.9941348
1.01798 10845.81 0.8959411
1.020189 4527.949 0.6940536
1.022783 8833.093 0.3571273
1.027247 6914.936 0.9387471
1.028936 6130.392 0.9945672
1.030871 9548.107 0.9956289
1.033467 6466.866 0.9004068
1.033832 2596.459 0.9961429
1.034321 2724.921 0.7081393
1.034455 2197.985 0.6309938
1.035043 6329.388 0.9927246
1.036822 5206.676 0.8350596
1.037006 1233.138 0.8681312
1.037128 9637.944 0.9986708
1.037752 8762.333 0.9029495
1.038339 8617.514 0.9913617
1.039317 1265.218 0.8296144
1.041329 2265.28 0.8508032
1.041815 4189.152 0.6460375
1.042365 2322.46 0.928379
1.045048 3684.936 0.01485152
1.049306 2515.172 0.8355567
1.051134 4530.654 0.9811867
1.052059 1053.673 0.9912731
1.053116 2255.577 0.7904392
1.056605 5676.67 0.9724114
1.058204 9746.323 0.9970269
1.060438 4593.016 0.9122537
1.061292 1450.738 0.9610468
1.06218 1654 0.9158664
1.06275 9576.91 0.8962125
1.066993 2130.93 0.9347407
1.067038 1946.146 0.9804329
1.069312 1068.243 0.9396012
1.069748 1265.523 0.9917838
1.069846 1476.929 0.9628495
1.074747 4062.233 0.8442063
1.075698 2447.081 0.9925123
1.075955 4301.081 0.7020837
1.077729 9640.388 0.9829403
1.078588 5570.833 0.9802539
1.080047 5324.344 0.9956344
1.080853 5825.236 0.8481673
1.081406 6961.885 0.9515095
1.081697 2250.149 0.8969123
1.082389 1012.727 0.8750375
1.082504 1744.216 0.9933999
1.08392 1263.423 0.9891736
1.083943 1008.118 0.9816704
1.084191 7932.304 0.9951447
1.084261 7072.514 0.6496048
1.085566 1620.842 0.9352853
1.086175 439.2303 0.8870321
1.087019 1543.802 0.8549663
1.087875 10841.71 0.4646479
1.088391 1534.483 0.9749123
1.089026 8021.551 0.995946
1.089761 3299.608 0.929167
1.092696 1206.833 0.9834518
1.095383 1206.649 0.9204288
1.095826 1737.332 0.9029479
1.095876 9781.096 0.6638284
1.096639 3891.886 0.9580796
1.099083 1206.886 0.9168088
1.099919 4752.796 0.6522869
1.10014 8482.92 0.6374105
1.100842 1028.926 0.9889862
1.101466 2603.384 0.9820197
1.101634 5203.206 0.9925365
1.102604 5051.384 0.4770735
1.103347 1206.452 0.9306598
1.104645 1370.521 0.9060012
1.104852 9487.74 0.01485152
1.105127 5679.55 0.9030219
1.107543 1996.38 0.9187619
1.107553 500.6479 0.9876816
1.108036 2131.593 0.9830161
1.108136 1206.703 0.9116017
1.108261 4704.871 0.9941484
1.108819 3461.591 0.8386883
1.109456 2578.983 0.9916429
1.109979 7080.658 0.8256803
1.110171 1207.369 0.9247738
1.110249 3435.369 0.8889142
1.115895 4845.026 0.9465967
1.116029 2260.39 0.9186897
1.116436 1108.996 0.8344623
1.117501 1243.214 0.9611796
1.119146 1219.98 0.9630879
1.119837 1258.298 0.9044083
1.121244 455.5795 0.9425805
1.121521 1012.283 0.909328
1.122705 1033.289 0.8332935
1.12641 1538.271 0.9392323
1.126927 1505.86 0.8093712
1.128876 5614.251 0.6952737
1.131173 6980.042 0.9858596
1.131345 1296.908 0.9584434
1.132822 6179.68 0.974622
1.135495 1068.687 0.9378804
1.139666 879.7932 0.9832179
1.144194 5064.868 0.9630998
1.148673 5477.727 0.7884726
1.152422 5302.974 0.934915
1.154039 2637.714 0.9230261
1.15712 2960.286 0.817278
1.158131 10561.36 0.9482458
1.1588 9091.559 0.532911
1.159437 5316.96 0.5142355
1.163583 8179.959 0.8468986
1.165909 2900.097 0.930661
1.168859 10468.38 0.7808667
1.171925 5337.198 0.9922326
1.175939 6687.745 0.9748016
1.175993 6068.794 0.01485152
1.177501 5977.203 0.9919387
1.179889 2573.995 0.2292455
1.183185 6209.366 0.9677763
1.183274 1028.127 0.8192963
1.188264 6550.916 0.9194624
1.188405 6439.071 0.9970559
1.191538 985.11 0.9569371
1.191674 12708 0.01485152
1.192556 1880.029 0.88564
1.1928 8345.651 0.9035025
1.193094 8368.088 0.9704766
1.193172 6655.271 0.4883384
1.193402 4060.202 0.9751762
1.198714 1471.682 0.5153113
1.19876 1396.565 0.8865653
1.198862 9836.801 0.9938984
1.199805 615.0637 0.954512
1.201367 5644.704 0.7026636
1.201813 3674.717 0.311045
1.202706 5154.169 0.9864245
1.202982 3035.988 0.9916484
1.203835 9511.222 0.7929161
1.205276 3438.488 0.9958361
1.208361 5398.053 0.9831433
1.208401 1614.636 0.9834065
1.208964 4223.573 0.6937669
1.210162 4708.441 0.664305
1.211574 1549.047 0.9800405
1.2121 3538.643 0.9841909
1.218972 6285.785 0.7375384
1.222994 8451.678 0.9619777
1.226074 1273.603 0.9246998
1.227084 9491.848 0.9986708
1.229969 2031.618 0.9907589
1.230204 3870.86 0.9782326
1.230381 6333.855 0.9986708
1.235419 4484.772 0.992901
1.238974 5648.41 0.8602171
1.241145 7281.73 0.9930226
1.243842 2789.721 0.9775462
1.243952 751.0954 0.9682825
1.245522 9013.943 0.01485152
1.245562 3949.178 0.4358141
1.246679 8819.85 0.7056293
1.247797 6672.69 0.8552271
1.255345 1032.844 0.8777702
1.26903 1819.524 0.9411212
1.27042 3460.574 0.9945509
1.271749 2582.691 0.7688161
1.281585 6180.546 0.01485152
1.282719 1264.664 0.9805305
1.282923 3031.813 0.6861689
1.291241 3425.725 0.5172501
1.291501 2529.426 0.9833439
1.293408 2887.354 0.4477495
1.304425 4037.197 0.9492511
1.30567 1763.456 0.8567915
1.306642 3166.864 0.1642672
1.309984 4774.443 0.4997664
1.313871 2245.758 0.9719665
1.328862 5875.078 0.01485152
1.332404 4839.807 0.01485152
1.339741 9297.399 0.9948786
1.341552 1111.124 0.562042
1.344572 2923.534 0.07547464
1.370055 1740.303 0.8433238
1.372774 2672.961 0.7847894
1.377872 3943.781 0.9504738
1.378859 3353.159 0.9939377
1.385949 3032.514 0.2540648
1.420128 1388.63 0.6239041
# initCovFnParam= 0.844423375182423 1134.95488726401 6.40978194999719 4
