0.8437909 4737.908 0.8980994
0.8554964 5781.65 0.9922636
0.862105 8259.262 0.8942083
0.8678192 5611.308 0.9362118
0.8689332 1511.451 0.7020566
0.8788358 4850.817 0.5580209
0.8791203 1997.87 0.9926985
0.8836595 9046.682 0.9886205
0.885056 7571.983 0.9966455
0.8854379 7660.036 0.007518254
0.8912812 2749.575 0.8994895
0.8982572 9522.836 0.9926373
0.9157708 4324.679 0.974596
0.9181846 6907.364 0.9385917
0.9217196 2950.416 0.9879919
0.9224264 2068.725 0.9957821
0.9303503 5115.517 0.7326398
0.9315059 2536.696 0.921156
0.9320118 8717.397 0.9899495
0.9334505 8743.509 0.9632818
0.9340463 10874.08 0.9964836
0.9374903 9983.706 0.8693668
0.9396932 5884.422 0.8566951
0.941027 3109.979 0.9949881
0.943861 3754.965 0.9449864
0.9442636 2341.063 0.9946519
0.9450484 9388.385 0.007518254
0.9469376 5104.399 0.5222451
0.9540186 5768.728 0.996576
0.9561109 1022.103 0.6420704
0.9647469 743.3001 0.9412959
0.9659833 3087.194 0.6364465
0.966995 6492.943 0.4072822
0.9682353 7696.713 0.9732455
0.9711167 8944.042 0.8114447
0.973762 7324.097 0.5953774
0.9750263 9933.002 0.9948213
0.979579 9688.511 0.968019
0.9799675 1190.892 0.7367122
0.9850064 7447.022 0.9694927
0.9851277 7793.38 0.007518254
0.9872499 8340.607 0.9893804
0.9898345 1305.439 0.8729892
0.9911559 7151.6 0.8844945
0.9921243 1319.754 0.9660691
0.9943193 9809.039 0.7469433
0.9955131 4546.527 0.5857566
0.9956673 4867.815 0.007518254
0.9971026 2498.687 0.9929071
0.9974127 7728.173 0.9796493
0.9981237 9462.982 0.9415122
1.002184 3811.555 0.9806484
1.004707 10054.73 0.9917744
1.007669 6226.27 0.9717991
1.009804 6916.101 0.9900151
1.010033 1101.035 0.7141771
1.010521 8003.699 0.9927686
1.011217 8758.639 0.9369493
1.015106 1052.269 0.9859823
1.01647 1076.649 0.9767784
1.020067 8701.756 0.994519
1.021124 4656.673 0.9847358
1.021716 4361.631 0.007518254
1.023305 6980.662 0.007518254
1.024073 8793.174 0.5581514
1.024801 5775.161 0.9847334
1.027816 2777.109 0.9807125
1.028294 3047.205 0.007518254
1.032511 7190.046 0.9431646
1.032941 7639.732 0.6331367
1.034836 9698.382 0.9927924
1.035957 557.5329 0.9764133
1.037147 1992.512 0.9192385
1.038798 1599.983 0.8240125
1.040597 1570.928 0.8737912
1.041151 4780.98 0.8025665
1.042524 1063.711 0.9931248
1.0469 839.6145 0.9350022
1.052406 1406.124 0.9653253
1.052493 6295.313 0.9702568
1.052861 7159.174 0.9900786
1.053285 4673.588 0.9900828
1.057391 2774.305 0.6798361
1.058682 2712.835 0.6661061
1.061112 5022.012 0.5179607
1.0627 7147.303 0.9338291
1.063223 863.1704 0.9906993
1.063292 2537.873 0.981013
1.063955 1125.748 0.9638958
1.064655 1208.378 0.9069055
1.064671 5020.573 0.1302794
1.065195 4829.552 0.9688694
1.065678 5680.85 0.9520537
1.066049 1801.554 0.8798797
1.06978 859.3378 0.9698199
1.07133 1207.68 0.9088741
1.07163 9640.187 0.9881186
1.074691 7553.17 0.9673441
1.074936 1424.947 0.8716738
1.075259 1208.095 0.9050066
1.07578 1084.502 0.9869578
1.077323 1207.704 0.9077219
1.078753 515.0908 0.9017274
1.078758 2803.18 0.7902791
1.079748 3006.113 0.9947851
1.082308 1097.649 0.9535273
1.083699 9599.115 0.9953794
1.084638 3802.485 0.8396954
1.084889 6149.427 0.9943775
1.085409 1207.783 0.900461
1.086378 3053.327 0.8279823
1.087404 8335.869 0.9873182
1.088361 1134.493 0.9898936
1.088369 4014.227 0.823325
1.089818 10132.39 0.6817968
1.090156 1607.244 0.8502723
1.092305 571.5206 0.9440215
1.092634 1210.66 0.9850919
1.092842 1375.981 0.9775744
1.092868 574.2538 0.92883
1.093498 948.1992 0.9913062
1.094554 4893.586 0.7311955
1.097528 5407.488 0.69115
1.099613 9890.928 0.992755
1.099656 3753.277 0.9529447
1.101588 2236.236 0.9205276
1.101945 1101.378 0.984213
1.102757 1538.299 0.9878111
1.102806 1207.154 0.898827
1.104312 4815.97 0.9979985
1.108486 3159.245 0.6191572
1.109912 1017.611 0.9514427
1.111753 9930.387 0.9650992
1.112125 1112.468 0.9016104
1.114148 6934.624 0.8096469
1.114471 1243.156 0.9490504
1.116209 8933.417 0.99906
1.11688 7242.7 0.9898469
1.117008 3479.373 0.7692885
1.117765 1137.171 0.9902255
1.118354 10183.1 0.9912593
1.119211 1260.469 0.9497629
1.121287 7271.155 0.8571066
1.12262 5966.284 0.8567459
1.123188 6949.193 0.9480803
1.124894 4438.195 0.007518254
1.125549 1246.544 0.9291412
1.125826 2815.447 0.8503931
1.128484 675.8482 0.7937167
1.129398 7842.905 0.9675476
1.130543 1981.831 0.9908937
1.131918 1570.869 0.9495998
1.133465 1232.035 0.7425272
1.134189 3658.994 0.9959265
1.13562 1657.445 0.8169103
1.136474 3370.006 0.9102292
1.139228 9943.431 0.9667582
1.139801 1444.951 0.7829801
1.140393 3779.625 0.9945406
1.141129 7540.419 0.9830451
1.141941 1366.756 0.9256209
1.143011 2508.098 0.9907972
1.143385 1249.781 0.9438698
1.145781 4193.539 0.9956313
1.150598 4529.041 0.9956419
1.155485 3166.459 0.5174427
1.156242 2051.552 0.9406122
1.158272 7109.317 0.2308498
1.159081 4582.943 0.9745283
1.162509 8112.714 0.9958431
1.163146 1235.69 0.9279375
1.164922 7076.923 0.007518254
1.1668 1814.891 0.9918221
1.167615 6837.116 0.6914641
1.16923 7863.742 0.9707256
1.169311 4987.287 0.007518254
1.170283 8915.314 0.9940522
1.170571 2475.684 0.9102536
1.173029 6232.426 0.3265137
1.173209 5857.612 0.007518254
1.173471 5921.084 0.3294887
1.173772 1919.05 0.7924654
1.175062 3450.56 0.4754308
1.176138 2413.624 0.8127295
1.176671 4606.185 0.9677823
1.176831 3120.774 0.8350384
1.178105 2128.579 0.6308367
1.186175 4081.835 0.6965262
1.187037 9282.798 0.9989456
1.191574 7873.832 0.9374909
1.191993 2542.614 0.9792339
1.195966 2284.449 0.984055
1.197169 1212.558 0.9923112
1.200324 1380.031 0.9858301
1.201069 1419.365 0.9803776
1.201407 10362.74 0.9603072
1.204818 3612.999 0.9823054
1.20619 7339.208 0.9780203
1.208249 3903.277 0.993406
1.20825 2898.9 0.939005
1.208776 3224.417 0.6238703
1.210224 5087.218 0.9974093
1.213295 5387.276 0.9940051
1.214002 8398.903 0.9714886
1.214418 2002.523 0.3864503
1.217079 7104.274 0.54463
1.219536 6621.879 0.8040529
1.222171 4686.876 0.007518254
1.229958 7855.032 0.9503496
1.231303 3536.433 0.633482
1.232623 3510.793 0.9810494
1.233513 885.7372 0.9693078
1.23685 5118.198 0.7624861
1.241356 3973.314 0.9948884
1.243746 3751.927 0.77086
1.244845 2025.241 0.9783511
1.24531 6150.882 0.9324132
1.246395 11389.46 0.588702
1.248917 7862.16 0.970223
1.252431 4642.245 0.9731442
1.25258 1668.113 0.6540816
1.252981 3209.007 0.9749278
1.257376 3031.494 0.9850713
1.262909 974.3601 0.266325
1.263535 4381.201 0.1177229
1.26476 5852.845 0.2201636
1.268831 9985.961 0.9807969
1.270835 4796.336 0.6227065
1.272483 3671.151 0.007518254
1.273045 5079.471 0.9454989
1.274931 1627.767 0.5076703
1.276106 4694.633 0.007518254
1.280827 8922.973 0.4975668
1.284715 8018.232 0.9951111
1.285008 931.4772 0.8831074
1.293065 1443.104 0.92533
1.293575 1994.234 0.89041
1.29407 10133.37 0.007518254
1.302168 6432.444 0.007518254
1.30996 5050.776 0.5814174
1.313641 4480.722 0.9926033
1.313941 6084.264 0.9019816
1.318246 4232.651 0.007518254
1.319709 3054.449 0.4536466
1.322145 1399.991 0.9765659
1.331467 1659.185 0.6553094
1.359616 12014.43 0.007518254
1.373357 1830.206 0.7714148
1.373716 3495.093 0.5710091
1.392523 1020.525 0.9889972
# initCovFnParam= 0.782799048371153 1164.96278537435 7.83312522529139 4
