## Tue Mar  1 01:54:58 2022; Sample: 1; # of loci: 8; NrunsPerPoint=30;
## pointmin=1  pointmax=100 out of PointNumber=100
0.8322564 66.82362 0.9634179 292.56906 149.2952 609.01025 379.12411 335.47089 285.00485 602.39111 479.87106 3132.7366 
0.9183955 1816.325 0.9690405 281.58307 141.70195 571.80554 360.78098 321.03564 269.6239 569.9389 448.56586 2965.0359 
0.9605669 2448.158 0.93794 282.08282 142.37614 570.86591 360.73285 321.28955 269.79596 569.11542 448.15793 2964.4167 
0.9707096 2546.584 0.95325 282.2316 142.54694 570.62744 360.73938 321.3483 269.86871 568.90076 448.04431 2964.3076 
0.9747527 2503.601 0.9551734 282.23569 142.62218 570.52795 360.70862 321.34854 269.89453 568.79932 447.99814 2964.1348 
0.9859212 3956.878 0.9842968 282.50455 142.73143 570.49384 360.80563 321.5163 269.92773 568.78979 447.89999 2964.6692 
0.9888664 3196.798 0.9614965 282.4567 142.83199 570.31793 360.76303 321.4877 269.94687 568.63379 447.86588 2964.304 
0.9908297 3383.622 0.9517009 282.50302 142.84773 570.29602 360.75635 321.51181 269.94415 568.62177 447.85947 2964.3403 
0.9956701 3234.367 0.9283283 282.53845 142.95168 570.17242 360.71579 321.50504 269.99783 568.47961 447.85339 2964.2144 
0.9961706 2766.929 0.9293203 282.4935 142.9855 570.06012 360.70456 321.47775 269.99585 568.39069 447.82846 2963.9363 
0.9961706 2766.929 0.9293203 282.48499 142.98328 570.09991 360.69449 321.46927 270.0119 568.42072 447.81357 2963.978 
0.9962955 3339.345 0.9499643 282.55383 142.95381 570.14429 360.75595 321.53851 269.99088 568.51172 447.77887 2964.2275 
0.9974269 3331.077 0.9263748 282.5455 142.97687 570.14215 360.73364 321.53262 270.00537 568.48407 447.81653 2964.2368 
0.9976815 3649.002 0.9280494 282.5784 142.96355 570.1488 360.7413 321.55881 269.99985 568.48901 447.79721 2964.2769 
0.997956 3370.782 0.935702 282.57333 142.97879 570.13306 360.73193 321.51944 270.00439 568.42468 447.81903 2964.1848 
1.001018 3435.491 0.9603174 282.63705 143.03593 570.11139 360.74036 321.57214 270.02789 568.40961 447.76804 2964.3025 
1.003682 3459.565 0.934629 282.63409 143.08333 570.06464 360.73361 321.56796 270.04935 568.34021 447.75638 2964.2295 
1.004365 2977.479 0.945937 282.62112 143.11359 569.94873 360.7244 321.5242 270.04083 568.27155 447.74451 2963.9888 
1.006592 3271.255 0.9221995 282.66043 143.14569 569.92316 360.7063 321.53799 270.06631 568.22882 447.74213 2964.0107 
1.006753 3876.933 0.9667671 282.72861 143.11903 570.00739 360.77832 321.62781 270.05334 568.34674 447.73514 2964.3962 
1.008626 3648.384 0.9567295 282.73953 143.15633 569.96442 360.75 321.62906 270.07068 568.26636 447.69742 2964.2739 
1.008626 3648.384 0.9567295 282.71478 143.15979 569.92487 360.73398 321.63428 270.0593 568.27191 447.69598 2964.1951 
1.011062 3269.526 0.9136499 282.6944 143.22693 569.80133 360.7056 321.59021 270.086 568.18237 447.71655 2964.0034 
1.01159 3270.322 0.9530793 282.72409 143.23082 569.83789 360.72055 321.57358 270.09323 568.11145 447.66965 2963.9612 
1.012662 4533.756 0.9705209 282.81805 143.20192 569.95697 360.79147 321.69238 270.08868 568.26862 447.6897 2964.5078 
1.013513 4002.996 0.9377228 282.78485 143.23288 569.87103 360.7449 321.66415 270.09549 568.20038 447.68924 2964.283 
1.016393 5516.593 0.8969786 282.867 143.25157 569.92371 360.80594 321.72748 270.12744 568.25732 447.65903 2964.6194 
1.017486 4360.764 0.9578433 282.86246 143.29843 569.82007 360.77087 321.68832 270.11777 568.1615 447.63199 2964.3516 
1.017822 3455.73 0.956141 282.79868 143.33475 569.71429 360.75061 321.65158 270.13257 568.04712 447.64069 2964.0703 
1.019696 3037.763 0.9159331 282.77859 143.38873 569.56561 360.69836 321.63416 270.13654 567.94116 447.62582 2963.7688 
1.02004 4689.7 0.9680078 282.93338 143.33208 569.81665 360.79337 321.73056 270.138 568.13544 447.62421 2964.5039 
1.02042 3986.89 0.9167264 282.84686 143.36356 569.73181 360.7421 321.66901 270.12936 568.07483 447.62558 2964.1831 
1.02042 3986.89 0.9167264 282.83777 143.36168 569.71631 360.73868 321.67767 270.13382 568.08563 447.60373 2964.1553 
1.021692 4474.664 0.9445164 282.88965 143.36932 569.74152 360.77585 321.71875 270.14346 568.07935 447.60358 2964.3213 
1.023095 3849.681 0.9592768 282.88925 143.41133 569.66675 360.75732 321.70398 270.16046 567.99786 447.59128 2964.1782 
1.02604 3403.126 0.9014529 282.85324 143.48631 569.5249 360.71713 321.68845 270.18292 567.86877 447.54239 2963.8643 
1.028515 3555.014 0.9239074 282.90741 143.52371 569.51593 360.71274 321.70935 270.19128 567.81982 447.53882 2963.9192 
1.028519 3610.28 0.950316 282.91428 143.52065 569.52234 360.72595 321.69638 270.2038 567.86188 447.55316 2963.9985 
1.03054 4442.334 0.9241786 282.99725 143.52364 569.53705 360.77426 321.75552 270.21338 567.91919 447.53589 2964.2561 
1.03288 3582.93 0.9418531 282.97232 143.60472 569.41357 360.71332 321.73468 270.21524 567.78363 447.51483 2963.9521 
1.033419 4720.821 0.9550786 283.0495 143.57086 569.50159 360.77304 321.79367 270.22998 567.87366 447.51749 2964.3101 
1.033931 3765.295 0.8969406 282.98358 143.61032 569.40308 360.71805 321.74219 270.21039 567.77356 447.50592 2963.9468 
1.03404 3901.528 0.9574588 283.01602 143.60321 569.448 360.76422 321.74313 270.22104 567.79633 447.50473 2964.0967 
1.03404 3901.528 0.9574588 283.00626 143.60506 569.42883 360.74338 321.77121 270.2348 567.79749 447.51514 2964.1021 
1.034474 3841.09 0.9570516 283.01419 143.61842 569.44421 360.73553 321.74539 270.23947 567.78961 447.48645 2964.0732 
1.035498 4350.786 0.9115144 283.03964 143.62146 569.43011 360.75345 321.78818 270.23752 567.77155 447.52194 2964.1638 
1.03617 4965.861 0.9681113 283.09912 143.61652 569.48682 360.78421 321.81451 270.23508 567.8429 447.50357 2964.3831 
1.037231 4432.349 0.971071 283.08313 143.64685 569.4436 360.78326 321.79327 270.2645 567.7594 447.48724 2964.2612 
1.037485 4273.575 0.9470972 283.06363 143.65887 569.39001 360.76056 321.78995 270.2366 567.78125 447.46844 2964.1492 
1.03814 5043.731 0.9425106 283.1232 143.65129 569.42603 360.77399 321.81375 270.25531 567.76361 447.48108 2964.2881 
1.038169 4280.402 0.9233661 283.06964 143.67343 569.35419 360.73706 321.80026 270.24893 567.74371 447.49185 2964.1191 
1.039027 4792.313 0.963557 283.12537 143.67111 569.4165 360.77625 321.819 270.26358 567.76788 447.47778 2964.3174 
1.040732 5023.356 0.932512 283.12793 143.69472 569.37848 360.76947 321.83539 270.2692 567.76996 447.46902 2964.314 
1.040919 4831.647 0.963104 283.15198 143.70988 569.39368 360.76263 321.83334 270.2774 567.73865 447.47189 2964.3396 
1.040919 4831.647 0.963104 283.14124 143.70435 569.38708 360.77579 321.85623 270.27988 567.76862 447.47006 2964.3831 
1.041095 4174.627 0.9578655 283.12918 143.72496 569.29309 360.73785 321.82812 270.28409 567.69635 447.45151 2964.145 
1.04191 4619.14 0.9699684 283.14209 143.72589 569.33783 360.77112 321.84113 270.28809 567.71802 447.46432 2964.2886 
1.043089 4421.192 0.9497027 283.1362 143.75468 569.29303 360.76764 321.84256 270.2822 567.66693 447.44321 2964.1863 
1.045378 5019.917 0.9494139 283.19223 143.78368 569.29584 360.78442 321.87152 270.30408 567.68304 447.44519 2964.3599 
1.046042 4125.116 0.9540025 283.15607 143.81622 569.20007 360.75525 321.83786 270.30548 567.57617 447.41684 2964.064 
1.047469 4698.869 0.9632095 283.21167 143.82593 569.23987 360.77057 321.86597 270.31311 567.62177 447.40991 2964.2588 
1.051877 4406.094 0.9209331 283.20938 143.91235 569.11591 360.75049 321.87946 270.35022 567.51788 447.37262 2964.1084 
1.053365 4583.08 0.9639958 283.28583 143.9355 569.10114 360.75232 321.89493 270.35449 567.48315 447.37112 2964.1782 
1.058844 4894.554 0.9620618 283.3483 144.02979 569.0094 360.78363 321.94995 270.40417 567.40961 447.32962 2964.2644 
1.059491 3984.541 0.9269464 283.32278 144.06142 568.89392 360.73297 321.89365 270.39548 567.32092 447.32233 2963.9434 
1.059491 3984.541 0.9269464 283.29871 144.0661 568.92566 360.73602 321.90576 270.39902 567.29871 447.31714 2963.947 
1.059633 4478.751 0.9088415 283.32266 144.05174 568.9505 360.75311 321.90103 270.39978 567.36993 447.34659 2964.0955 
1.061006 4838.414 0.9598651 283.38278 144.06326 568.96198 360.77393 321.95642 270.40799 567.37097 447.32083 2964.238 
1.06111 3903.417 0.9240273 283.34128 144.09685 568.87299 360.70593 321.91653 270.42343 567.29608 447.31528 2963.9683 
1.062037 5775.607 0.9441661 283.41095 144.06607 569.01886 360.79422 321.98627 270.41306 567.41284 447.29822 2964.4004 
1.062111 5263.59 0.9540898 283.40445 144.07928 568.98688 360.77655 321.96848 270.41373 567.38702 447.30017 2964.3164 
1.062159 4795.903 0.918846 283.3721 144.09003 568.91699 360.76254 321.94287 270.42026 567.31818 447.3107 2964.1338 
1.063346 5707 0.9144748 283.42047 144.09221 568.96729 360.77408 321.98416 270.4176 567.36139 447.31131 2964.3284 
1.065652 4017.23 0.8846031 283.37238 144.17165 568.77148 360.7059 321.9325 270.4379 567.21973 447.26849 2963.8799 
1.066747 5125.187 0.9645282 283.45142 144.15854 568.87799 360.78043 322.00906 270.44327 567.28851 447.25317 2964.2622 
1.067444 4413.094 0.8867203 283.40698 144.19347 568.81152 360.73526 321.97495 270.44574 567.22705 447.27463 2964.0696 
1.067444 4413.094 0.8867203 283.41479 144.18823 568.80261 360.74191 321.96326 270.45386 567.20599 447.28705 2964.0579 
1.067516 4394.916 0.9220518 283.42444 144.19701 568.79553 360.73792 321.96429 270.45767 567.21753 447.2641 2964.0586 
1.068658 4565.13 0.8981635 283.44031 144.21146 568.77319 360.74319 321.97232 270.46365 567.22705 447.26831 2964.0994 
1.069092 3975.016 0.9131305 283.40875 144.23584 568.71381 360.72327 321.95029 270.46265 567.1521 447.25436 2963.9011 
1.069523 4654.383 0.8985136 283.46332 144.22438 568.81134 360.75214 321.98712 270.46121 567.19049 447.26581 2964.1558 
1.077914 4566.954 0.9394374 283.55386 144.37462 568.59406 360.75345 322.04324 270.51685 567.0025 447.19199 2964.0305 
1.078328 6774.794 0.9723253 283.6459 144.34694 568.75415 360.82416 322.12198 270.52957 567.16132 447.20663 2964.5906 
1.08032 4319.381 0.897475 283.56143 144.42708 568.52185 360.73303 322.02292 270.54294 566.98163 447.16583 2963.9568 
1.083538 4067.956 0.9089566 283.58276 144.49091 568.46375 360.75076 322.06436 270.56842 566.88464 447.17557 2963.9812 
1.086702 6090.768 0.902968 283.70889 144.50356 568.53381 360.79922 322.14133 270.57312 566.98071 447.15683 2964.3975 
1.087684 4462.163 0.87835 283.6452 144.55186 568.38776 360.73959 322.09061 270.58481 566.87488 447.14352 2964.0183 
1.087684 4462.163 0.87835 283.6586 144.54803 568.4035 360.7229 322.10849 270.59311 566.84985 447.13629 2964.0208 
1.08804 5102.496 0.9141464 283.68781 144.54451 568.45099 360.76025 322.13586 270.5856 566.883 447.12888 2964.177 
1.089634 4657.497 0.9068999 283.68161 144.58907 568.4054 360.7518 322.11172 270.60309 566.82306 447.1156 2964.0811 
1.092795 4803.601 0.9160194 283.73038 144.63548 568.33447 360.7659 322.13388 270.61853 566.78967 447.12027 2964.1287 
1.096761 5108.543 0.8620178 283.78546 144.69757 568.26709 360.75302 322.18713 270.64136 566.74744 447.10559 2964.1846 
1.097596 4884.605 0.9223077 283.79825 144.71974 568.24646 360.76132 322.17569 270.66214 566.69757 447.08478 2964.1458 
1.098332 5604.228 0.9016237 283.82727 144.72107 568.29785 360.7804 322.20255 270.66281 566.74292 447.06033 2964.2952 
1.102593 5062.294 0.906648 283.86273 144.81232 568.16241 360.76279 322.22443 270.68835 566.6355 447.04584 2964.1943 
1.102754 5935.648 0.8818914 283.88629 144.79686 568.21826 360.80151 322.23859 270.69974 566.67291 447.05157 2964.3655 
1.108808 5564.962 0.9047583 283.96368 144.91451 568.07996 360.79434 322.27969 270.73654 566.55341 447.01889 2964.3408 
1.113406 4740.537 0.8512377 283.96957 145.00096 567.96826 360.75867 322.26324 270.76654 566.44916 446.99219 2964.1687 
1.113406 4740.537 0.8512377 283.97263 145.00301 567.95752 360.76309 322.28 270.76013 566.47308 447.0058 2964.2153 
1.115484 5432.184 0.9195311 284.03937 145.03654 567.97681 360.78381 322.31094 270.78531 566.45227 446.96021 2964.3452 
1.12109 5663.175 0.8849064 284.12335 145.13058 567.8891 360.79501 322.34595 270.82458 566.34363 446.94257 2964.3948 
1.121223 5354.813 0.8771348 284.10123 145.13802 567.87286 360.79892 322.34982 270.82556 566.35577 446.9556 2964.3977 
1.12427 5404.726 0.8791684 284.14328 145.19174 567.81403 360.79126 322.36118 270.85187 566.3009 446.93005 2964.3843 
1.131343 5410.744 0.8844128 284.22852 145.31662 567.69733 360.79541 322.4194 270.90085 566.17975 446.8674 2964.4053 
1.159254 7557.146 0.8912601 284.64209 145.79845 567.33044 360.86832 322.65167 271.10843 565.82477 446.73282 2964.957 
1.166075 5368.487 0.8244173 284.64719 145.93594 567.09094 360.83209 322.65909 271.15714 565.65625 446.72986 2964.7085 
1.171631 5742.668 0.7848743 284.73267 146.01912 567.05957 360.8508 322.70474 271.18771 565.61176 446.71048 2964.8767 
1.185844 6346.066 0.7848743 284.9418 146.26559 566.82574 360.88232 322.83475 271.31024 565.41223 446.64691 2965.1196 
1.214238 7621.031 0.7922709 285.33636 146.76711 566.44556 360.94669 323.07019 271.52853 565.05219 446.52228 2965.6689 
1.214238 7621.031 0.7922709 285.3367 146.76883 566.44476 360.95343 323.05457 271.52786 565.04272 446.52469 2965.6536 
