0.9599224 1077.157 0.999999
0.9638181 594.9479 0.999999
0.9852667 762.09 0.9320906
0.9878784 846.4155 0.999999
0.9925778 1538.538 0.999999
1.000063 2088.309 0.9388454
1.005774 837.5423 0.999999
1.006763 2269.878 0.9708939
1.013852 2639.693 0.999999
1.018047 2400.751 0.5744496
1.02384 3172.788 0.4414279
1.029594 1219.71 0.9934758
1.045849 1745.067 0.999999
1.045973 1965.314 0.8032324
1.052557 3609.521 0.5399172
1.057694 3436.02 0.396972
1.057694 3564.554 0.3130415
1.057694 3903.966 0.2746111
1.057694 3917.874 0.02656736
1.057694 4058.57 0.2606545
1.057694 4102.235 0.199612
1.059201 1174.482 0.728254
1.0612 2061.001 0.7339216
1.065315 1572.564 0.9593444
1.066585 3138.52 0.3690063
1.071352 1000.116 0.5264985
1.071787 1423.566 0.540055
1.073283 1669.21 0.999999
1.073977 3334.824 0.7178216
1.080307 2401.443 0.999999
1.084213 2871.105 0.1016773
1.084911 1944.592 0.7089269
1.087167 710.1075 0.6091932
1.088352 2821.032 0.124308
1.088886 627.0958 0.9345648
1.095188 1404.919 0.6476337
1.100019 1727.308 0.999999
1.106293 829.1514 0.999999
1.108519 878.4182 0.9593513
1.109934 1546.784 0.9835841
1.11482 1607.939 0.4767443
1.115645 1426.515 0.3814418
1.117343 2531.27 0.999999
1.118913 3660.726 0.9918002
1.121867 1760.367 0.6630635
1.12368 550.3577 0.9815221
1.130063 740.3173 0.7710055
1.13413 3188.531 0.6946822
1.134741 4282.137 0.2438269
1.135021 1479.445 0.3960779
1.136192 980.9097 0.5950238
1.136412 1614.306 0.6007793
1.137798 1750.073 0.9418101
1.141664 1926.817 0.4503053
1.14341 3840.969 0.9415734
1.144138 1365.379 0.7220429
1.146654 2221.836 0.999999
1.147554 529.2706 0.8224893
1.152703 803.2191 0.7399818
1.153739 1878.564 0.4732568
1.153812 2228.099 0.999999
1.155493 933.1491 0.8561841
1.15636 2302.422 0.7027036
1.159673 1569.866 0.6365733
1.15988 2161.164 0.5190498
1.16032 4282.988 0.3436608
1.162199 1739.262 0.2669443
1.162652 1995.548 0.9685009
1.16399 4417.996 0.0688933
1.167165 1720.448 0.8525791
1.172684 877.6356 0.7618932
1.175134 4416.339 0.1142386
1.17547 1917.034 0.7217662
1.176238 2089.936 0.2743957
1.177254 877.6679 0.7503431
1.17752 1478.738 0.5622367
1.179434 2001.777 0.4662424
1.179973 1348.786 0.4722091
1.18013 3933.389 0.1109615
1.18084 2097.117 0.7011822
1.18275 877.4838 0.7544841
1.186973 2067.367 0.8419879
1.18792 4364.737 0.05427379
1.188823 877.4995 0.7372324
1.190412 2250.403 0.5306582
1.193354 877.4751 0.7396398
1.193658 2155.649 0.4912542
1.195427 1518.478 0.4026502
1.19606 4398.009 0.2836827
1.196136 4449.712 0.2104452
1.197734 1900.09 0.3750572
1.198779 877.473 0.7236733
1.199644 2134.683 0.9808641
1.200301 770.2943 0.7179981
1.206159 1468.144 0.6311744
1.208341 2196.908 0.3359496
1.209394 946.7544 0.9390935
1.20968 2908.528 9.262125e-05
1.209711 1627.14 0.3863377
1.21132 529.2706 0.5701099
1.211373 735.8262 0.5988932
1.215046 1327.498 0.661446
1.216074 1139.506 0.8676235
1.216178 4394.167 0.1332349
1.220594 2001.777 0.3041131
1.222095 1811.036 0.346185
1.223089 717.2705 0.5726071
1.223529 1002.475 0.84884
1.225764 2657.555 0.1269585
1.226686 1865.177 0.7983195
1.228372 2830.369 0.9257363
1.228425 4299.575 0.05932752
1.229444 2315.95 0.04489223
1.229797 2851.668 9.262125e-05
1.230884 4423.093 0.2530171
1.231691 4259.252 0.2058598
1.232363 616.78 0.7983043
1.234101 978.2192 0.9931658
1.234552 831.6218 0.9304216
1.235533 1276.778 0.7403966
1.237238 2310.196 0.4852855
1.237895 1060.126 0.573367
1.238041 2072.44 0.6746015
1.243324 1778.809 0.2947519
1.243383 4346.147 0.02616366
1.243538 4432.342 0.2078915
1.245837 1868.63 0.3378518
1.246242 4320.142 0.4000235
1.246363 4352.515 0.1158034
1.249689 3006.492 0.999999
1.252227 529.2706 0.6363308
1.254632 4237.452 0.05498387
1.255006 1518.98 0.5970179
1.256377 2166.446 0.7511925
1.260009 4149.604 0.01530437
1.260433 2001.777 0.9114765
1.266495 4488.842 0.1063983
1.274133 623.9085 0.6095379
1.276197 529.2706 0.747328
1.279197 686.1855 0.4564329
1.279298 2001.777 0.5876137
1.280164 877.1878 0.7747374
1.280963 1800.321 0.3135476
1.283679 4372.468 0.1842522
1.288203 932.4796 0.5207708
1.290507 1511.649 0.4104007
1.29082 4338.181 0.09185886
1.291859 1978.772 0.2353007
1.292526 2845.735 0.190878
1.296297 1810.608 0.9504572
1.297134 1126.509 0.7712688
1.298597 1379.541 0.3489482
1.299217 2051.726 0.7823625
1.302398 529.2706 0.7634071
1.302685 529.2706 0.7051178
1.305165 4233.288 0.1990569
1.307708 2001.185 0.3119369
1.307796 2001.777 0.6299354
1.311158 4300.385 0.1664594
1.312305 1293.2 0.9120111
1.313201 1293.646 0.6779844
1.313638 1561.275 0.6610596
1.314484 1429.128 0.7717702
1.31534 2591.051 0.6138304
1.315663 2977.301 0.9007151
1.316186 3912.846 0.999999
1.31744 1678.258 0.4634461
1.318193 839.4519 0.533976
1.318346 1425.98 0.7403215
1.321209 2382.014 0.8896622
1.322075 3304.493 0.1658788
1.324217 718.4243 0.8750003
1.324558 4095.342 0.04417852
1.324591 2081.599 0.3464377
1.325218 1188.161 0.2344741
1.325351 1131.142 0.2622355
1.32548 1895.396 0.5702785
1.326292 1487.872 0.3943194
1.327843 1644.829 0.7615836
1.332174 925.2093 0.4344275
1.332992 1005.338 0.5208233
1.336393 2098.698 0.2971944
1.340988 995.1512 0.9474075
1.342724 1685.541 0.9980569
1.342921 2192.242 0.02791693
1.344264 611.0839 0.5767099
1.34551 1429.777 0.3856896
1.34676 2001.777 0.4375981
1.348713 2154.235 0.6046554
1.351707 2155.024 0.2676697
1.353727 1345.221 0.2576435
1.354775 799.5324 0.5506283
1.357125 1111.104 0.3118136
1.358483 792.5713 0.7243243
1.358697 824.8674 0.6063814
1.36273 1602.627 0.5648684
1.363634 1365.791 0.7944943
1.364883 2552.57 0.06451359
1.364885 2418.532 0.05531201
1.365262 1307.679 0.4448906
1.365429 1736.012 0.4328021
1.36822 2003.122 0.324423
1.373875 3185.436 9.262125e-05
1.374662 909.3095 0.8360688
1.377179 1378.921 0.5405388
1.379985 2801.508 0.9794044
1.383487 707.1528 0.836366
1.383701 2588.433 0.8212605
1.385788 1395.232 0.4479132
1.386582 1702.094 0.109053
1.388168 2780.145 0.7368991
1.388357 1774.139 0.8307758
1.390462 850.3347 0.4030599
1.39304 3768.38 0.1490922
1.394983 955.4009 0.9654357
1.399793 1875.838 0.3628975
1.400829 1921.963 0.5300842
1.404289 1122.563 0.9250941
1.404289 1746.576 0.2922958
1.404289 1894.032 0.1223176
1.404289 3374.383 0.01013947
1.404289 3729.514 0.01618253
1.404289 3906.488 0.09903159
1.40509 1197.345 0.5764835
1.412128 2127.912 0.8156466
1.419201 3329.131 9.262125e-05
1.419375 719.1374 0.5533433
1.420226 1379.217 0.3329196
1.424812 769.0778 0.6866846
1.442657 1085.259 0.8025993
1.443788 908.0542 0.9005327
1.450963 1240.26 0.5269789
1.454811 3443.671 0.2333079
1.456988 1004.716 0.4146932
1.457291 1707.006 0.7441085
1.461522 2773.61 0.1414977
1.461899 1063.073 0.7429293
1.462141 1200.073 0.2849261
1.463795 1134.326 0.7503892
1.465299 3314.543 9.262125e-05
1.470611 995.0937 0.3308005
1.474325 2546.263 9.262125e-05
1.477441 809.9736 0.3236346
1.478908 1401.451 0.6637886
1.486655 834.7669 0.4613049
1.497588 1894.5 0.4822477
1.498703 1679.856 0.1917221
1.50445 3233.548 0.05316358
1.515002 2811.76 9.262125e-05
1.519755 1052.234 0.8128208
# initCovFnParam= 0.821377219432361 764.283879933804 0.663508540847201 4
