0.9585912 1404.609 0.999998
0.9802669 714.0645 0.5723828
0.9866571 1816.497 0.999998
0.9983643 1490.215 0.9549841
1.011164 1987.928 0.999998
1.01774 1194.172 0.588884
1.019313 787.2614 0.961251
1.022831 980.3276 0.999998
1.029904 1521.5 0.8869216
1.036916 994.6154 0.4485443
1.038575 652.0178 0.999998
1.039864 1083.639 0.999998
1.041239 2886.567 0.7793838
1.042593 3002.314 0.8412544
1.046339 2456.356 0.999998
1.046892 1275.726 0.999998
1.048063 2832.923 0.9787578
1.051813 1756.89 0.6978213
1.053134 3476.483 0.0830035
1.0575 872.6255 0.9527694
1.0575 884.3978 0.7903595
1.0575 897.5654 0.7805091
1.0575 1031.28 0.8763221
1.0575 1103.198 0.8533039
1.0575 1152.504 0.834371
1.060033 760.5475 0.9636352
1.065441 1279.07 0.9242631
1.067697 3722.745 0.3010618
1.071933 749.4608 0.6187678
1.075299 723.8514 0.7754774
1.075853 1555.864 0.9706244
1.083684 1647.096 0.5245768
1.088661 2366.232 0.5874285
1.091453 3451.209 0.293185
1.092384 1423.992 0.5424291
1.093084 1787.531 0.9675219
1.093868 1315.097 0.6587945
1.094375 542.7214 0.9419105
1.094591 881.381 0.9721963
1.095318 1370.78 0.4342611
1.09596 802.5012 0.5393373
1.096559 1543.335 0.8330475
1.097559 1453.663 0.7043138
1.100124 524.8018 0.7906629
1.106364 1369.545 0.974827
1.109601 1809.375 0.6210985
1.11231 1406.074 0.7729454
1.112424 675.0894 0.8985311
1.113418 2575.774 0.356998
1.118184 768.2946 0.8791145
1.118771 1349.746 0.8282403
1.125504 2706.937 0.7312527
1.128727 1754.622 0.4301487
1.130017 2083.26 0.3441884
1.131235 2905.269 0.2890065
1.138943 1679.849 0.7763474
1.141581 1251.225 0.7993306
1.144905 937.635 0.9516843
1.146438 877.8383 0.7908406
1.148278 1155.315 0.7670571
1.151734 2072.674 0.6488478
1.152214 1668.258 0.5746628
1.152223 2749.405 0.999998
1.152298 2756.437 0.1112139
1.153754 863.8114 0.8155342
1.154053 1658.553 0.5406572
1.154756 524.1829 0.8747601
1.155577 847.2561 0.9793806
1.156009 882.0689 0.8781452
1.157901 718.5694 0.4904997
1.158989 2019.866 0.4192381
1.161744 877.8499 0.7833948
1.166625 961.5093 0.8911645
1.168526 803.9765 0.7785133
1.168708 531.7241 0.988867
1.169983 538.9758 0.7874632
1.170102 1267.801 0.4984592
1.172088 877.402 0.773796
1.177361 783.6559 0.4795488
1.178512 970.0201 0.6482647
1.182185 857.9287 0.5480692
1.182587 788.5754 0.9446804
1.183292 531.7241 0.9957647
1.184457 2374.909 0.6647352
1.185192 961.6675 0.9285946
1.187559 590.9651 0.6566202
1.187844 1404.219 0.416098
1.188251 531.7241 0.9897161
1.188502 2951.479 0.02332898
1.189716 1156.514 0.7884228
1.189764 1017.261 0.8046122
1.190134 1968.492 0.4016255
1.19214 531.7241 0.9659905
1.192438 1052.252 0.8136444
1.192548 4071.605 0.3225494
1.19271 773.1849 0.9117011
1.193162 795.2327 0.985808
1.199369 531.7241 0.9628942
1.199457 3422.88 0.00655191
1.200427 531.7241 0.9801309
1.201137 1887.628 0.2356661
1.204062 750.3431 0.6554824
1.205769 1930.579 0.249852
1.208295 2089.242 0.7390552
1.208832 1653.518 0.4209937
1.209238 961.5393 0.682652
1.209577 872.3198 0.8786582
1.210392 4587.563 0.0001852425
1.210755 744.0552 0.5970835
1.211762 877.9227 0.8323721
1.21191 2858.11 0.5759119
1.214943 1968.492 0.4286841
1.217198 947.9917 0.6194706
1.217889 2086.456 0.8212475
1.217909 1066.224 0.5852038
1.218544 1968.492 0.4131212
1.219069 921.2809 0.651811
1.219947 1934.651 0.7582164
1.220064 1968.492 0.4862367
1.222882 787.722 0.6894756
1.229868 3738.026 0.8513356
1.231267 3539.616 0.0001852425
1.23196 2319.985 0.6385441
1.232866 1146.871 0.8380631
1.234895 815.0581 0.8106829
1.236017 1814.5 0.9719844
1.237139 2069.705 0.9027641
1.237439 3255.707 0.6310072
1.238339 1968.492 0.3688618
1.239578 2121.138 0.4704831
1.239584 1127.981 0.8872573
1.240591 1976.853 0.2059808
1.241308 592.4531 0.8565779
1.242966 944.4965 0.7120248
1.245124 1107.5 0.6835547
1.246677 3290.156 0.0001852425
1.24771 1124.141 0.517658
1.247717 1968.492 0.3336675
1.248604 1449.517 0.6671608
1.248614 1180.37 0.5139064
1.248703 982.1636 0.7817383
1.249134 1280.175 0.5734267
1.249319 905.0374 0.5749856
1.249728 709.9042 0.4965957
1.250144 2267.284 0.2485109
1.250988 850.1638 0.6818705
1.251054 966.489 0.827423
1.251263 2116.716 0.4479513
1.256672 1862.158 0.8219018
1.258794 3008.853 0.999998
1.259719 959.427 0.577503
1.260371 809.5705 0.9885145
1.261787 989.7309 0.6470124
1.263508 3729.744 0.8162474
1.264217 889.117 0.6186945
1.264475 975.045 0.702103
1.269534 1080.873 0.6276524
1.27312 774.104 0.6974538
1.274557 2337.49 0.8122907
1.274862 1523.114 0.7245203
1.274939 2213.781 0.6810338
1.27497 3058.543 0.848633
1.277789 2871.537 0.4560699
1.278554 605.2934 0.9546406
1.279484 1873.958 0.724425
1.279718 668.5739 0.7603489
1.283133 3099.786 0.3220983
1.289525 1839.954 0.8268948
1.289801 995.7904 0.4935788
1.290417 2118.106 0.4547884
1.291466 909.6846 0.864032
1.294454 2887.744 0.2855666
1.294786 1058.608 0.4208837
1.29651 2093.602 0.8395239
1.299537 2406.76 0.0001852425
1.300175 877.3726 0.6988762
1.307686 4544.09 0.0001852425
1.310047 1852.573 0.7877638
1.310721 1900.991 0.2474692
1.310884 1453.724 0.8951398
1.310902 3865.302 0.999998
1.311999 1527.671 0.4699642
1.312494 1738.725 0.2917071
1.315736 1819.945 0.9910218
1.317801 1079.952 0.8579487
1.319119 2633.679 0.1113447
1.319516 1974.759 0.2901132
1.321632 1499.648 0.5019594
1.32552 1782.828 0.6804386
1.326102 2289.575 0.6082242
1.329795 1949.688 0.7347373
1.33236 744.5095 0.5689896
1.333108 782.851 0.5085655
1.335357 1898.255 0.4188835
1.336592 2147.837 0.1963215
1.337742 973.3123 0.5310237
1.339925 1231.361 0.2999477
1.339988 751.25 0.4523148
1.340813 1428.035 0.6785705
1.341185 1801.674 0.3793265
1.341497 1150.418 0.9074342
1.344925 1186.734 0.4516069
1.347312 1341.596 0.3553439
1.352489 2477.709 0.811071
1.352517 2114.647 0.1361585
1.35352 1241.374 0.5423089
1.360026 724.8398 0.7114611
1.360161 1558.435 0.5170242
1.361483 1680 0.9441476
1.364561 1344.895 0.4269107
1.365891 1654.831 0.6719676
1.370027 1985.945 0.05781814
1.372416 877.1363 0.6536465
1.377059 808.2797 0.9115154
1.379967 1534.982 0.4028771
1.380053 1299.252 0.874045
1.384341 2396.206 0.5287657
1.386313 634.5323 0.8604543
1.388004 1111.108 0.971599
1.388099 2770.39 0.8843212
1.394326 3314.896 0.2846318
1.39604 794.8037 0.6123109
1.397099 642.6323 0.845211
1.397514 641.276 0.6045971
1.398991 1235.654 0.6208248
1.401452 1934.599 0.1350549
1.403994 1699.674 0.3714047
1.404548 812.7195 0.5629712
1.404548 816.3165 0.5654159
1.404548 828.6315 0.5227337
1.404548 833.1346 0.5081688
1.404548 911.96 0.5781081
1.404548 941.163 0.5837902
1.4066 2650.018 0.5842556
1.411991 2050.228 0.0001852425
1.412486 676.4492 0.4952312
1.412923 2682.888 0.05869472
1.414086 608.8331 0.5536594
1.416558 1505.281 0.4436356
1.421075 871.618 0.8884187
1.431848 1044.613 0.8790878
1.435636 1456.365 0.7084581
1.439245 1292.474 0.6703854
1.441686 687.8996 0.5798108
1.449039 727.5574 0.7004684
1.454939 3304.246 0.0001852425
1.474012 1085.515 0.9181221
1.504661 1967.594 0.3077483
1.507063 1352.405 0.8843647
1.537188 1252.264 0.5369669
# initCovFnParam= 0.831783451894859 800.28405821667 0.670719533418457 4
