## Wed Feb 23 10:55:27 2022; Sample: 1; # of loci: 11; NrunsPerPoint=30;
## pointmin=1  pointmax=100 out of PointNumber=100
1.033331 465.9276 0.8934363 282.50995 389.11847 144.75484 569.63104 526.3407 360.87158 321.64194 271.23831 567.93347 369.86133 449.24814 4253.1494 
1.052859 1628.456 0.4403676 282.68292 388.62262 143.63788 568.87677 528.81122 360.32437 321.85953 270.23648 568.18164 368.15887 448.47559 4249.8682 
1.058015 1173.668 0.7434484 282.81723 388.98425 144.23093 568.45673 527.93927 360.4487 321.63406 270.50845 567.00812 368.51233 447.67346 4248.2134 
1.065164 1031.342 0.7873853 282.86508 388.92844 144.47934 568.1405 527.39728 360.41605 321.59833 270.60376 566.7674 368.62436 447.63052 4247.4507 
1.065164 1145.615 0.8004768 282.96808 389.08313 144.42874 568.26617 527.64398 360.36728 321.62628 270.54755 566.9151 368.57474 447.62137 4248.0425 
1.065164 1230.72 0.6109527 282.81586 388.70963 144.14687 568.34137 528.00275 360.37805 321.76596 270.4476 567.34235 368.33774 448.05942 4248.3472 
1.065164 1261.921 0.6386249 282.86038 388.92639 144.17949 568.39667 528.04987 360.36566 321.80847 270.44806 567.22083 368.41174 447.95953 4248.627 
1.065164 1348.685 0.6934795 282.90778 388.98813 144.2592 568.40881 528.15778 360.41492 321.79495 270.4798 567.11194 368.36615 447.71188 4248.6016 
1.065164 1678.989 0.5275119 282.89285 388.77884 143.99207 568.57336 528.68549 360.41403 321.89627 270.39615 567.52783 368.2428 448.02914 4249.4292 
1.071143 1486.577 0.6125919 282.974 388.89148 144.24464 568.38739 528.27344 360.4502 321.87143 270.44385 567.1673 368.3114 447.87915 4248.8945 
1.071143 1486.577 0.6125919 283.00977 388.95108 144.22458 568.37189 528.23151 360.42905 321.7959 270.40918 567.16351 368.31543 447.8558 4248.7578 
1.079125 1126.424 0.9958484 283.18307 389.21973 144.75929 568.02399 527.61786 360.54855 321.6571 270.69696 566.38135 368.56555 447.19824 4247.8521 
1.082687 1511.519 0.5506351 283.02908 388.66223 144.3495 568.21759 528.2088 360.42871 321.9726 270.51028 567.1488 368.26682 447.92108 4248.7153 
1.088464 1222.65 0.5838499 283.03 388.55118 144.49667 567.96753 527.69904 360.28265 321.94211 270.5968 566.9646 368.32956 447.99661 4247.8569 
1.089225 1333.362 0.5203692 283.06052 388.48715 144.41136 567.94684 527.79846 360.37851 322.00439 270.58545 567.22186 368.2009 448.03342 4248.1289 
1.105048 1218.391 0.744481 283.36035 388.88269 145.06209 567.64752 527.2276 360.45807 321.89719 270.76318 566.18713 368.51367 447.41766 4247.417 
1.106949 1988.166 0.4469642 283.34454 388.59909 144.58844 567.84052 528.23242 360.45627 322.25134 270.60352 566.99414 368.12833 447.88962 4248.9282 
1.11444 930.8871 0.773614 283.37549 388.65784 145.36459 567.32379 526.45935 360.3938 321.97501 270.96243 566.06042 368.67136 447.51819 4246.7622 
1.117343 1241.54 0.5801404 283.36844 388.45276 144.99583 567.41235 527.25293 360.39691 322.1015 270.77798 566.46631 368.24176 447.7261 4247.1929 
1.120049 594.692 0.9044246 283.43283 388.72501 145.97162 567.36426 525.50281 360.63947 322.10284 271.42911 565.96912 369.35162 447.92413 4248.4131 
1.122116 2215.09 0.8922931 283.91379 389.34119 145.2856 567.4483 527.87799 360.57153 322.12704 270.85886 565.96271 368.45969 446.91339 4248.7603 
1.122116 2215.09 0.8922931 283.86646 389.37543 145.2941 567.45312 527.91956 360.61642 322.14505 270.85382 565.99683 368.41205 446.93338 4248.8662 
1.12736 1476.428 0.4446855 283.40805 388.14545 144.88487 567.48645 527.4931 360.36179 322.32916 270.73193 566.83362 368.09607 448.12546 4247.896 
1.128643 1144.606 0.6241216 283.52051 388.46194 145.27348 567.21497 526.98169 360.37436 322.13403 270.88852 566.16925 368.40735 447.70132 4247.127 
1.129604 594.692 0.9583552 283.63596 388.78824 146.14317 567.3161 525.43311 360.64188 322.08115 271.42691 565.52386 369.16916 447.79636 4247.9561 
1.129797 594.692 0.9066072 283.56567 388.84805 146.18787 567.41022 525.06262 360.62241 322.02173 271.47934 565.63013 369.32056 447.81613 4247.9644 
1.132649 594.692 0.8995318 283.59055 388.83563 146.20334 567.224 525.02887 360.59991 322.03812 271.56702 565.66943 369.35883 447.95114 4248.0669 
1.140575 594.692 0.9076338 283.68546 388.77045 146.35783 567.19287 525.16827 360.612 322.14764 271.56207 565.54852 369.30972 447.87439 4248.2295 
1.141999 594.692 0.9137842 283.81421 388.74661 146.38716 567.15814 525.01263 360.63837 322.06723 271.59497 565.53918 369.29465 447.72552 4247.9785 
1.150897 1080.817 0.8504018 283.90799 388.80502 146.0426 566.63818 526.07404 360.49829 322.10797 271.20871 565.24725 368.65051 447.03281 4246.2134 
1.152339 1347.655 0.8451637 284.05792 388.96075 145.96078 566.77069 526.62036 360.51276 322.23975 271.11328 565.18127 368.49661 446.94949 4246.8638 
1.156395 777.9345 0.8115055 283.79919 388.65082 146.27362 566.53265 525.47876 360.48172 322.14639 271.36169 565.32654 368.86578 447.50339 4246.4209 
1.156395 777.9345 0.8115055 283.86298 388.55206 146.27155 566.6554 525.39795 360.43024 322.22928 271.3942 565.35284 368.79648 447.43643 4246.3794 
1.156788 2074.112 0.5281118 284.07205 388.73242 145.59109 567.01013 527.58972 360.50354 322.48813 270.97928 565.97491 368.24701 447.30573 4248.4941 
1.158887 1758.588 0.4802198 283.94141 388.41284 145.5414 566.9942 527.30859 360.4213 322.55743 270.9837 566.12976 368.15991 447.59396 4248.0444 
1.16038 1372.115 0.9958484 284.28543 389.13297 146.10867 566.7077 526.78345 360.57736 322.33725 271.21042 565.18243 368.50064 446.73685 4247.5635 
1.161878 1416.806 0.4500302 283.75134 387.98441 145.51102 566.91357 526.95428 360.34564 322.57709 271.00269 566.28925 368.15836 447.89563 4247.3833 
1.17402 2862.258 0.5395153 284.44354 389.00272 145.93642 566.758 527.68872 360.6312 322.65839 271.1434 565.64685 368.28568 447.01462 4249.2095 
1.177046 1858.531 0.869895 284.48236 389.11694 146.31665 566.46912 526.83276 360.62292 322.48721 271.30081 564.96692 368.48102 446.68161 4247.7583 
1.179205 904.9094 0.9011424 284.22833 388.72623 146.68524 566.25995 525.35498 360.50427 322.38959 271.50342 564.69232 368.81393 447.01385 4246.1724 
1.181569 885.0142 0.9469225 284.34769 388.81128 146.72237 566.09961 525.26819 360.5256 322.30569 271.53357 564.66846 368.77377 446.98691 4246.043 
1.183287 811.9486 0.9554701 284.33203 388.80966 146.8313 566.1225 525.10437 360.58862 322.39438 271.58386 564.55237 368.86441 446.99847 4246.1816 
1.18344 923.7672 0.8788333 284.27222 388.63919 146.71988 566.19318 525.44623 360.5235 322.3559 271.474 564.66992 368.77243 446.95969 4246.0259 
1.18344 923.7672 0.8788333 284.2453 388.71057 146.73206 566.16113 525.31543 360.4953 322.42245 271.50797 564.76562 368.76041 446.95987 4246.0762 
1.186003 985.682 0.8115091 284.29675 388.66174 146.63759 566.11993 525.58643 360.51022 322.34445 271.45459 564.66211 368.66733 446.99191 4245.9331 
1.186927 920.8596 0.92618 284.38318 388.71454 146.8262 566.01117 525.30414 360.56076 322.33792 271.54025 564.51996 368.74811 446.90298 4245.8491 
1.187939 998.2566 0.8154762 284.35968 388.64478 146.69398 566.07318 525.65857 360.54202 322.39584 271.47714 564.72089 368.69299 446.94031 4246.1992 
1.189019 323.1666 0.8166527 284.50769 389.10516 147.89677 568.45111 524.22156 361.63321 323.34772 273.12262 567.31586 370.9436 450.16574 4260.7109 
1.192123 1793.968 0.8229925 284.66776 389.04074 146.56422 566.2688 526.62921 360.62244 322.599 271.38153 564.86957 368.50073 446.68747 4247.8315 
1.196863 1408.022 0.8377218 284.58923 388.9147 146.72514 566.06555 526.13885 360.55087 322.58926 271.47253 564.70966 368.55362 446.67041 4246.9805 
1.203411 2682.036 0.5831193 284.84329 388.98032 146.49602 566.29395 527.22675 360.69846 322.85489 271.35718 565.15466 368.32614 446.83139 4249.0635 
1.207164 2000.789 0.4226467 284.54343 388.32944 146.26929 566.1922 526.77277 360.51135 322.88571 271.28903 565.62744 368.11478 447.40344 4247.939 
1.208467 1136.957 0.7838173 284.64691 388.64996 146.95197 565.72675 525.57281 360.53696 322.61957 271.57632 564.58032 368.67307 446.8649 4246.3994 
1.219737 811.0533 0.9659913 284.83255 388.72443 147.45844 565.51202 524.76086 360.62277 322.60367 271.85477 564.16974 368.89258 446.82208 4246.2539 
1.219737 811.0533 0.9659913 284.83798 388.77682 147.47203 565.57245 524.81604 360.68118 322.58603 271.89972 564.12762 368.87006 446.75879 4246.3984 
1.223239 1352.199 0.4862487 284.53326 388.11865 146.59421 565.90515 526.11224 360.37955 322.95914 271.44446 565.3064 368.11591 447.47977 4246.9492 
1.227485 2117.766 0.6660488 285.10443 388.93018 147.01886 565.7439 526.51074 360.69135 322.95886 271.59335 564.61035 368.43423 446.66788 4248.2642 
1.230382 1898.888 0.4190877 284.72873 388.12463 146.62608 565.87268 526.47229 360.49673 323.08774 271.44598 565.32092 368.13525 447.33453 4247.6455 
1.231636 1898.888 0.4455897 284.83832 388.27579 146.72467 565.80438 526.41034 360.52386 323.05762 271.44485 565.1507 368.19336 447.24396 4247.668 
1.236164 1898.888 0.4480287 284.85843 388.20624 146.79492 565.75397 526.3645 360.57037 323.08752 271.5343 565.12201 368.15491 447.21826 4247.665 
1.242459 1898.888 0.3962378 284.84637 388.10373 146.77405 565.68188 526.39471 360.51266 323.15588 271.52859 565.19312 368.19229 447.42456 4247.8076 
1.242567 1898.888 0.4212482 284.90683 388.09717 146.87207 565.68311 526.28394 360.52487 323.16663 271.52069 565.12634 368.09982 447.37576 4247.6572 
1.243904 2083.563 0.5410111 285.16397 388.64932 147.12488 565.61914 526.34882 360.66818 323.11176 271.66177 564.67242 368.29749 446.89197 4248.21 
1.246948 1898.888 0.3978868 284.89703 388.12762 146.86752 565.71582 526.23511 360.51532 323.19711 271.55103 565.26489 368.121 447.41556 4247.9082 
1.257333 793.2737 0.8288141 285.1525 388.43185 148.05064 565.1452 524.15436 360.63232 323.02856 272.17349 563.74524 368.91711 446.99304 4246.4243 
1.257333 793.2737 0.8288141 285.11664 388.41708 148.04234 565.11243 524.22565 360.61884 322.98126 272.15305 563.8866 368.91617 447.02753 4246.4976 
1.274886 1602.238 0.3428985 284.93988 387.66629 147.1114 565.33368 525.74475 360.47516 323.47128 271.70096 565.28076 368.05899 447.83414 4247.6172 
1.278898 1751.244 0.5320754 285.49112 388.38522 147.70049 565.04974 525.7337 360.66705 323.37021 271.90021 564.30042 368.37708 446.89069 4247.8657 
1.295916 1960.064 0.5643293 285.83194 388.61649 148.04796 564.86041 525.70361 360.72931 323.49802 272.07602 564.01868 368.4321 446.67505 4248.4893 
1.301772 1171.06 0.740259 285.80646 388.59869 148.51962 564.51971 524.58929 360.71555 323.34122 272.29654 563.37091 368.66953 446.56012 4246.9878 
1.310826 1362.531 0.6968323 286.00153 388.56381 148.55559 564.45349 524.81927 360.75757 323.44452 272.28265 563.47461 368.65204 446.55768 4247.563 
1.315274 1868.297 0.4036776 285.80267 388.09653 148.03357 564.56274 525.38977 360.64346 323.71936 272.07782 564.25409 368.31564 447.20737 4248.103 
1.315745 1348.758 0.4633147 285.64093 387.79465 148.06042 564.56879 524.93536 360.55969 323.65918 272.11035 564.32782 368.30191 447.33783 4247.2969 
1.317306 1418.07 0.6174839 285.98373 388.34467 148.53447 564.4101 524.88013 360.75116 323.62332 272.26895 563.62054 368.51801 446.66843 4247.6035 
1.317691 1424.307 0.3641369 285.40161 387.50259 147.78061 564.75677 525.12048 360.56375 323.70148 272.00204 564.81946 368.1734 447.74387 4247.5659 
1.318062 2357.048 0.8410174 286.44632 389.15952 148.74841 564.52783 525.47028 360.95111 323.6647 272.40186 563.32458 368.71915 446.19348 4249.6074 
1.318062 2357.048 0.8410174 286.43796 389.15634 148.75116 564.52905 525.4707 360.98264 323.68619 272.38702 563.34033 368.73584 446.15402 4249.6313 
1.324779 1322.952 0.4852111 285.74683 387.93121 148.28888 564.4707 524.85504 360.5983 323.7337 272.21246 564.00891 368.38022 447.16794 4247.394 
1.325137 1826.172 0.4231903 285.8855 388.02353 148.23566 564.53821 525.3501 360.68802 323.77649 272.22058 564.1601 368.31277 447.1492 4248.3403 
1.326462 3131.622 0.8562849 286.6496 389.30399 148.86935 564.57159 525.76917 361.07285 323.81482 272.46509 563.32068 368.72437 446.12701 4250.6885 
1.336902 2072.116 0.3673222 286.0033 388.1192 148.31532 564.44629 525.31732 360.71893 323.89261 272.25198 564.1109 368.27078 447.09488 4248.5415 
1.337408 562.7018 0.7331827 285.9155 388.05167 149.42186 564.33478 522.64197 360.90033 323.73077 272.95047 563.55219 369.40622 447.5545 4248.4604 
1.337928 1831.396 0.4620524 286.15356 388.2338 148.56502 564.26483 525.23193 360.7829 323.88727 272.30493 563.86078 368.36621 446.92914 4248.5801 
1.339207 1862.009 0.2936242 285.71548 387.65024 148.06902 564.52924 525.22662 360.651 323.96048 272.10956 564.63989 368.15344 447.64508 4248.3501 
1.341618 1876.904 0.4407853 286.19492 388.19028 148.55815 564.26129 525.09918 360.75516 323.97369 272.33319 563.93616 368.3045 446.94965 4248.5557 
1.3454 3316.883 0.3761012 286.52286 388.60352 148.68936 564.40436 525.73999 360.93661 324.03848 272.40973 563.78882 368.42032 446.6987 4250.2524 
1.351425 1527.758 0.4477505 286.15649 387.93716 148.6837 564.216 524.79279 360.70844 323.9671 272.42737 563.94189 368.30838 447.09106 4248.2305 
1.351425 1527.758 0.4477505 286.12332 387.83652 148.67387 564.21326 524.7608 360.72729 323.97537 272.42078 563.80127 368.34738 447.08234 4247.9619 
1.353364 1915.342 0.2879066 285.92078 387.51849 148.2952 564.36206 525.09308 360.72156 324.06244 272.27988 564.48511 368.18689 447.6185 4248.5439 
1.353492 1344.108 0.5191301 286.22211 388.05371 148.86674 564.01239 524.48755 360.65472 323.94031 272.47736 563.46313 368.51135 446.91995 4247.6094 
1.353492 1371.648 0.5272216 286.20831 388.10394 148.90366 564.02985 524.56903 360.74661 323.94528 272.46848 563.51001 368.47961 446.90448 4247.8691 
1.353492 1382.336 0.5172043 286.23026 388.02249 148.87944 564.07141 524.51172 360.72635 323.92377 272.48724 563.56952 368.48105 446.89105 4247.7944 
1.353492 1419.318 0.4488441 286.06985 387.84167 148.6893 564.10583 524.59546 360.73209 323.98859 272.39911 563.80945 368.40244 447.14926 4247.7832 
1.353492 1420.344 0.4298967 286.07742 387.7832 148.63889 564.13947 524.64105 360.69357 323.96753 272.38705 564.0246 368.28156 447.30826 4247.9424 
1.353492 1421.432 0.4349309 286.04337 387.8602 148.63246 564.24207 524.64948 360.6908 323.95773 272.3811 563.99963 368.38266 447.3027 4248.1416 
1.355993 2996.158 0.5917168 286.89981 389.04169 149.17407 564.24371 525.5863 361.07986 324.09802 272.64044 563.26367 368.66043 446.31232 4251.0005 
1.365599 1617.531 0.4843098 286.51019 388.14728 149.05159 563.922 524.66992 360.82715 324.04926 272.55701 563.51984 368.45169 446.8512 4248.5571 
1.372331 3422.24 0.2425619 286.60422 388.23083 148.90077 564.18976 525.50671 360.87775 324.33563 272.49194 563.89502 368.35037 446.98907 4250.3721 
1.372331 3422.24 0.2425619 286.57327 388.20184 148.89738 564.08063 525.43835 360.86652 324.2973 272.49951 563.95496 368.28723 446.95694 4250.0542 
1.391104 3257.049 0.2135587 286.72635 388.04214 149.10675 563.89447 525.25116 360.92532 324.47528 272.59564 563.88422 368.27847 447.13342 4250.3135 
1.393654 1605.332 0.3068404 286.28162 387.4418 148.92548 563.93805 524.46399 360.77216 324.34027 272.55783 564.11432 368.24875 447.71188 4248.7959 
1.39693 1532.249 0.5374552 286.95892 388.32404 149.69945 563.53662 524.29199 360.9509 324.30222 272.86874 563.04089 368.64041 446.67151 4249.2856 
1.408098 927.6742 0.8449716 287.28256 388.60605 150.62378 563.18402 522.81885 361.07458 324.21295 273.37631 561.98889 369.24991 446.33691 4248.7549 
1.409652 2075.222 0.2931199 286.72461 387.65039 149.30637 563.69568 524.5929 360.87735 324.56512 272.66907 563.78436 368.37271 447.26443 4249.5034 
1.423861 2200.305 0.5386191 287.53842 388.68939 150.2486 563.32892 524.47601 361.17307 324.60989 273.13425 562.67651 368.71414 446.38272 4250.9717 
1.433206 2115.621 0.2381488 286.83612 387.53259 149.51283 563.60419 524.42041 360.83798 324.75366 272.84143 563.79846 368.38589 447.47952 4250.0034 
1.458599 2546.299 0.06505944 286.79196 387.04846 149.37808 563.43793 524.51917 360.82559 325.02194 272.83292 564.45709 368.22321 448.22705 4250.7637 
1.484006 806.3504 0.8419389 288.22672 388.67154 152.00633 562.41864 521.82471 361.31201 324.9548 274.12036 561.42334 369.59451 446.38318 4250.936 
1.527232 2525.121 0.05236515 287.48068 387.15439 150.37041 563.01099 523.89697 361.02774 325.67206 273.36798 563.99225 368.39792 448.32468 4252.6958 
1.527232 2525.121 0.05236515 287.45117 387.04016 150.31892 562.95691 523.98212 361.06085 325.62241 273.36932 564.04791 368.35776 448.27332 4252.4805 
