0.8289245 1500.309 0.7994899
0.843879 1015.425 0.5404642
0.8525765 2576.481 0.9928254
0.8614977 5116.165 0.9022491
0.8646066 4876.191 0.9392459
0.8683203 3121.403 0.9803787
0.8727946 1252.179 0.6571842
0.8739205 3424.185 0.9856314
0.8772544 3283.896 0.9320869
0.8842883 7893.205 0.6355921
0.9049156 863.6954 0.817579
0.9055714 2253.725 0.8817842
0.9088155 8415.225 0.9589962
0.9112799 995.0192 0.989055
0.9142264 1325.107 0.9606982
0.9201847 2560.301 0.9841771
0.9237105 10641.49 4.519848e-05
0.9244723 6376.535 0.9935696
0.930336 5231.495 0.9420286
0.9309864 8753.268 0.9658325
0.9326569 6016.498 0.9844648
0.9330788 3797.372 0.9947879
0.9340524 3395.521 0.6923007
0.934955 999.8046 0.9848754
0.9403851 3351.187 0.7861199
0.9415392 5005.414 0.9951914
0.9443992 7351.961 0.9249716
0.9483738 2383.561 0.8998813
0.9489284 6298.932 0.9757735
0.9499198 1002.65 0.9909478
0.9527697 6537.637 0.2166442
0.9529 5024.2 0.8509902
0.9563963 1350.379 0.9935958
0.956969 4076.901 0.8004148
0.9573278 6839.662 0.9924774
0.9591443 5472.75 0.09251926
0.9595604 2421.688 0.9893609
0.9603823 6015.636 0.0797413
0.9631959 4685.19 0.4723443
0.9665773 4950.47 0.4102219
0.9685335 1009.842 0.9884548
0.9692925 1008.095 0.9885872
0.9709551 2299.358 0.9690301
0.9719499 692.5781 0.9903286
0.9733316 2149.919 0.8372563
0.973737 4135.036 0.6950978
0.9780922 2837.672 0.949717
0.9789689 8141.812 0.9891348
0.9804815 2590.345 0.984549
0.9825721 4009.101 0.9663344
0.9838179 8547.406 0.9042502
0.9854701 5874.281 0.9859188
0.987821 3576.234 0.7537887
0.9885531 2559.081 0.9959014
0.9899448 8130.559 0.9582327
0.9927503 4902.723 4.519848e-05
0.9942796 2028.087 0.9946158
0.9980322 3003.845 0.8989804
1.000793 6659.931 0.3025509
1.00124 3351.861 0.9477955
1.009739 6737.508 0.8925285
1.011583 1046.673 0.8587024
1.012224 6115.239 0.9802859
1.014624 7310.046 0.9092046
1.014729 6511.871 0.889497
1.014759 7773.565 0.6195682
1.018633 5977.856 0.7714315
1.020372 6010.699 4.519848e-05
1.021886 3088.22 0.8153963
1.022169 4635.574 0.6353832
1.022265 7728.009 0.9851581
1.02458 6525.641 0.976918
1.026085 6214.039 0.9816104
1.028462 8082.534 0.9760601
1.031933 8321.655 0.3828087
1.035198 5818.43 0.8862472
1.037143 3144.334 0.6785347
1.040612 3233.227 0.9465914
1.041889 2646.54 0.9720611
1.041902 1014.332 0.9912683
1.042263 6397.063 0.5131332
1.044008 2648.737 0.7983188
1.046167 6233.977 0.6931468
1.04735 8576.548 0.9952908
1.047357 1028.533 0.9942599
1.049947 1236.866 0.9696043
1.049951 8681.935 0.8853154
1.052981 6614.151 0.4803492
1.053089 3288.903 0.8353628
1.054003 4004.315 4.519848e-05
1.056695 924.1912 0.9857875
1.060161 6593.215 0.4661925
1.060794 7236.042 0.9944971
1.061446 7386.717 0.9534351
1.062569 1234.953 0.9860842
1.063672 5837.252 0.9896756
1.064253 972.709 0.9830122
1.064362 2572.008 0.9848757
1.064368 5824.663 0.2912538
1.065308 1025.034 0.8943574
1.065351 8283.454 0.7980732
1.065976 5432.583 0.7538402
1.069604 6084.667 0.6605734
1.069824 2031.516 0.9913496
1.070184 1287.68 0.9873184
1.071324 4763.875 0.9824603
1.072043 850.0405 0.9857293
1.072264 1339.178 0.8966108
1.073377 3583.694 0.5429637
1.076058 903.1033 0.8140137
1.076067 1056.091 0.9825706
1.077668 6980.862 0.9162145
1.078756 2311.152 0.9593091
1.080153 3735.911 0.3255914
1.081112 736.0933 0.9309624
1.082337 4987.116 0.581873
1.084187 4338.364 0.9826043
1.084743 1397.426 0.948524
1.084763 1070.562 0.8721379
1.085267 5628.182 0.9137519
1.085489 5161.883 0.8645179
1.086357 5927.569 0.9885569
1.086614 8969.62 0.8338404
1.086936 1021.62 0.9922393
1.087433 2387.457 0.9906043
1.089954 6451.782 0.7096027
1.092626 1044.983 0.9930462
1.09411 1031.783 0.9239848
1.100728 5386.734 0.3136681
1.102115 1146.636 0.8140119
1.102275 1049.686 0.850506
1.104382 1308.108 0.9627783
1.105393 3651.656 0.9697115
1.105735 886.8668 0.9688398
1.107289 1003.467 0.9805445
1.108054 1161.897 0.949392
1.108068 1514.51 0.9018703
1.10878 7070.883 0.6140389
1.109024 3489.325 0.9763487
1.109886 1151.74 0.9268232
1.10996 915.1373 0.9554716
1.113592 7538.846 0.9882067
1.115163 1045.042 0.7323329
1.115699 4336.542 0.8543685
1.118282 6947.68 0.9853609
1.118416 5295.463 0.9571498
1.118493 1078.38 0.8452801
1.118711 4785.739 0.646105
1.120338 1082.936 0.9520083
1.12169 5434.991 0.915396
1.121873 1051.674 0.8568465
1.122848 1036.539 0.8324959
1.123263 3877.043 0.9640921
1.124299 457.7857 0.8711312
1.124563 1073.39 0.9881728
1.128436 3437.219 0.7304494
1.131454 4237.674 4.519848e-05
1.131799 5629.789 0.5058313
1.13386 5909.476 0.9908522
1.134911 6123.678 0.6413078
1.135101 3534.96 0.9887863
1.136693 1325.863 0.9910776
1.13696 5300.941 0.8081046
1.141981 8359.014 0.9032807
1.142647 6877.236 0.98303
1.143056 7097.895 0.9198968
1.145469 9583.477 0.9953381
1.147842 3104.742 0.9836086
1.14829 5305.83 0.7563268
1.149516 2648.341 0.8857709
1.15054 3165.137 0.5293854
1.151913 3513.176 0.3410109
1.15206 1559.592 0.5895042
1.153544 524.5593 0.9627553
1.154096 2499.086 0.9133357
1.15481 7277.556 0.6355788
1.160281 2902.95 0.9528073
1.163193 3220.957 0.9945409
1.16768 3641.248 0.9480759
1.169003 9020.658 0.9351979
1.173302 8198.938 0.9625861
1.173969 3012.642 0.3778968
1.178227 594.3686 0.9296831
1.178305 1264.099 0.7251968
1.185247 7884.055 0.9865024
1.186723 4228.754 0.1187767
1.187746 6965.383 0.9504468
1.190288 3169.377 0.4671305
1.191146 7710.416 0.9231683
1.192821 4791.262 0.4033804
1.197418 5804.975 0.1892201
1.200433 4479.662 0.9861452
1.200525 3377.086 0.7339569
1.201473 2602.44 0.9729765
1.207729 7442.657 0.06838053
1.210284 2205.568 0.9951647
1.214368 6606.602 0.9853877
1.216135 6217.547 4.519848e-05
1.21718 3249.963 0.9771408
1.218749 3649.113 0.9181634
1.220048 6488.042 0.3913199
1.221515 5003.842 0.9054324
1.222564 6684.572 0.833512
1.223257 7498.819 0.8906579
1.228335 1594.668 0.941193
1.246177 8001.611 0.9829223
1.247903 7470.827 0.6959326
1.251295 2317.066 4.519848e-05
1.256352 4884.66 0.9795105
1.263321 2311.618 4.519848e-05
1.265397 3148.105 0.9778236
1.26664 7893.483 0.9134103
1.266874 5492.441 0.7434217
1.267129 2716.469 0.9578348
1.268718 10226.78 0.9687879
1.27585 3503.268 0.05858847
1.276744 5717.735 0.9813547
1.282883 9670.491 0.9854271
1.292372 5673.577 4.519848e-05
1.292669 4883.68 0.9845939
1.297066 2075.191 0.7074785
1.299648 5126.813 0.9874274
1.303283 1949.166 0.889636
1.303734 6371.549 4.519848e-05
1.306025 10009.58 4.519848e-05
1.31512 2810.95 0.922775
1.315423 9165.281 0.9925307
1.316967 3308.198 0.8663297
1.318384 3477.605 0.9903749
1.320191 8521.409 0.7092863
1.321297 4128.042 4.519848e-05
1.32158 4831.738 4.519848e-05
1.324503 2454.097 0.9768809
1.325819 2596.536 0.9947444
1.332208 2854.379 0.9099869
1.333593 7469.18 0.5141739
1.336781 1793.356 0.8590398
1.339745 4444.397 0.8585182
1.341419 5197.307 4.519848e-05
1.343016 2125.975 0.9402078
1.343725 5032.805 0.8161385
1.343939 6233.492 0.9759481
1.343965 4458.376 4.519848e-05
1.348619 3167.666 4.519848e-05
1.348727 4152.336 0.9773405
1.35351 1751.225 0.7519955
1.355281 1550.844 0.9317807
1.355824 1058.682 0.9656519
1.369266 8144.797 4.519848e-05
1.376121 2612.546 0.9883133
# initCovFnParam= 0.764895609546464 1205.6097343355 5.38922384032752 4
