## Tue Mar  1 10:26:05 2022; Sample: 1; # of loci: 8; NrunsPerPoint=30;
## pointmin=1  pointmax=100 out of PointNumber=100
0.8289649 1225.16 0.9679757 280.63168 140.28545 574.20087 361.02267 320.66046 269.24741 571.99426 449.90488 2967.9475 
0.9144268 768.5911 0.9676157 281.30188 142.0979 571.77203 360.71121 320.84222 269.94482 569.71533 449.01218 2965.3977 
0.9422961 878.5832 0.947183 281.58191 142.49724 570.99023 360.62784 320.97507 269.96103 569.10925 448.70703 2964.4497 
0.9472227 1603.935 0.9136051 281.82715 142.26611 570.93481 360.67374 321.11066 269.79657 569.18164 448.35071 2964.1416 
0.9636029 1399.723 0.8704835 281.86954 142.59959 570.47852 360.56644 321.12305 269.91495 568.7702 448.25391 2963.5762 
0.9802326 1291.975 0.9172239 282.07407 142.92763 570.06299 360.552 321.15173 270.00598 568.34753 448.06744 2963.1895 
0.9827307 1580.771 0.9320972 282.14243 142.9165 570.08966 360.61737 321.25769 269.97076 568.4101 447.97125 2963.3757 
0.9842396 2510.212 0.7484922 282.30563 142.72585 570.31012 360.66635 321.42871 269.87753 568.74408 448.05566 2964.114 
0.9912633 1481.014 0.928366 282.25037 143.08998 569.89954 360.53226 321.26404 270.06143 568.17957 447.99567 2963.2727 
0.9982971 1506.4 0.9002407 282.30112 143.19637 569.69049 360.55795 321.3165 270.073 568.03955 447.91077 2963.0859 
0.9982971 1506.4 0.9002407 282.28589 143.1924 569.7655 360.54089 321.30466 270.10101 568.09985 447.88687 2963.1772 
1.00149 3065.78 0.7885802 282.55414 143.03053 569.98254 360.7074 321.55212 270.00421 568.43286 447.80887 2964.0728 
1.004222 1827.045 0.912323 282.42258 143.24185 569.70587 360.58441 321.40778 270.09525 568.07416 447.80215 2963.3342 
1.004599 1823.388 0.9067465 282.4332 143.24229 569.64362 360.56036 321.41647 270.08859 568.01569 447.76718 2963.1672 
1.00799 2019.563 0.8858084 282.51324 143.26505 569.65112 360.58536 321.41946 270.09335 567.96222 447.78696 2963.2766 
1.009168 1939.805 0.8803222 282.53741 143.30775 569.64801 360.57379 321.4592 270.10873 567.97784 447.75397 2963.3667 
1.011916 5791.328 0.6523199 282.81012 143.11066 570.08386 360.7908 321.7402 270.06387 568.48254 447.81506 2964.897 
1.01261 1495.159 0.9284613 282.48764 143.44992 569.43402 360.56882 321.35962 270.15894 567.76117 447.75793 2962.978 
1.016033 950.9598 0.9014287 282.36334 143.76149 569.22815 360.43207 321.21945 270.38138 567.46802 448.02853 2962.8826 
1.017059 2421.618 0.8968142 282.69711 143.39273 569.53021 360.65347 321.55634 270.12756 567.9278 447.67352 2963.5588 
1.018041 2232.821 0.8895404 282.69196 143.41731 569.5177 360.61346 321.55338 270.14722 567.8479 447.64264 2963.4316 
1.018041 2232.821 0.8895404 282.65164 143.424 569.45569 360.58557 321.5607 270.12881 567.8548 447.64029 2963.3015 
1.018199 3187.412 0.80713 282.74948 143.33507 569.64398 360.67838 321.63086 270.11938 568.07776 447.71527 2963.9502 
1.018906 2808.994 0.8574738 282.73193 143.38048 569.5882 360.65491 321.55945 270.13464 567.90131 447.64359 2963.5945 
1.019577 2097.309 0.9287932 282.67584 143.47127 569.45062 360.61487 321.54398 270.15912 567.76178 447.64926 2963.3267 
1.020608 1400.851 0.9095828 282.52917 143.62085 569.23199 360.47919 321.43793 270.23459 567.56012 447.76651 2962.8604 
1.021712 3964.671 0.6633966 282.83002 143.31229 569.74561 360.7287 321.73917 270.14062 568.19409 447.75537 2964.4458 
1.022742 1256.044 0.887183 282.52692 143.72134 569.11273 360.47598 321.37405 270.26218 567.47626 447.74066 2962.6902 
1.022856 1361.217 0.9065308 282.51883 143.68246 569.12299 360.55249 321.42337 270.26547 567.47437 447.74435 2962.7844 
1.023706 3259.845 0.8591628 282.82938 143.43956 569.50922 360.69937 321.6709 270.15265 567.9101 447.61813 2963.8293 
1.025229 1619.198 0.9352052 282.73325 143.65741 569.22845 360.56528 321.49222 270.23727 567.52478 447.61673 2963.0554 
1.025617 4475.426 0.5857494 282.88766 143.34074 569.70752 360.72198 321.78278 270.12045 568.22437 447.7963 2964.582 
1.025617 4475.426 0.5857494 282.8718 143.3351 569.6955 360.72107 321.78281 270.12564 568.24091 447.78146 2964.5544 
1.025908 2107.434 0.783389 282.67331 143.53545 569.32764 360.58688 321.57672 270.17114 567.75433 447.68411 2963.3096 
1.025921 4767.168 0.6737581 282.92532 143.37943 569.69879 360.759 321.78391 270.14651 568.14398 447.70361 2964.5405 
1.02707 1883.812 0.9127636 282.67148 143.64153 569.22644 360.59332 321.54602 270.23611 567.54578 447.53668 2962.9973 
1.028277 4000.327 0.7884795 282.91434 143.47533 569.57263 360.72144 321.74115 270.17252 567.92908 447.60275 2964.1292 
1.03086 5114.688 0.7820465 282.99576 143.49669 569.59576 360.76538 321.78555 270.19739 567.9903 447.59821 2964.4248 
1.032176 3038.43 0.6872555 282.88547 143.52596 569.38892 360.68182 321.7247 270.19739 567.91077 447.69022 2964.0051 
1.033503 1235.907 0.8843448 282.59607 143.92346 568.88251 360.45099 321.45294 270.32513 567.29279 447.70169 2962.6255 
1.034081 1499.041 0.9109295 282.69937 143.83774 568.90833 360.51035 321.49832 270.3248 567.31769 447.5918 2962.6885 
1.036324 1677.004 0.9297387 282.77234 143.84474 568.98883 360.54395 321.54578 270.27417 567.32465 447.5076 2962.802 
1.038284 1826.506 0.906236 282.81369 143.83672 568.99365 360.60068 321.53912 270.27774 567.36011 447.517 2962.939 
1.038284 1826.506 0.906236 282.79343 143.84196 568.95612 360.55688 321.59738 270.30942 567.36237 447.54028 2962.958 
1.038381 4199.53 0.8330843 283.05014 143.66391 569.37585 360.72809 321.77936 270.25104 567.7663 447.49521 2964.1099 
1.049074 2216.748 0.8975998 283.00229 143.9874 568.84991 360.60306 321.70459 270.3537 567.19336 447.44919 2963.1436 
1.049099 4044.28 0.6888096 283.15506 143.81131 569.15063 360.70596 321.8703 270.28793 567.63824 447.53156 2964.1511 
1.052001 2004.61 0.9523117 283.02667 144.0641 568.79395 360.62442 321.65942 270.41293 567.07739 447.38171 2963.0405 
1.058715 4245.73 0.7915693 283.27969 144.01796 568.95587 360.72858 321.91309 270.36145 567.41986 447.36441 2964.041 
1.058972 3011.482 0.8699443 283.23032 144.09232 568.77661 360.64972 321.80542 270.39694 567.14795 447.33691 2963.4363 
1.059746 3121.614 0.7955404 283.21533 144.07625 568.78729 360.64514 321.86432 270.3801 567.27032 447.39587 2963.6348 
1.062142 4449.449 0.8717418 283.35446 144.09154 568.89868 360.73514 321.92438 270.41055 567.30402 447.32254 2964.0413 
1.063504 5611.524 0.7173695 283.39172 144.05382 568.97156 360.76501 322.00485 270.40253 567.45447 447.38519 2964.4292 
1.065984 3394.884 0.6539234 283.30096 144.11478 568.78363 360.63873 321.94165 270.40253 567.3252 447.46777 2963.9753 
1.065984 3394.884 0.6539234 283.28549 144.11009 568.78162 360.66068 321.97522 270.41556 567.35107 447.46555 2964.0452 
1.071557 1513.709 0.9200365 283.18134 144.50809 568.15753 360.47375 321.75601 270.57773 566.66473 447.29865 2962.6177 
1.077598 4785.642 0.8766412 283.53943 144.36122 568.61639 360.74942 322.04315 270.5209 567.06415 447.22623 2964.1208 
1.083633 1865.044 0.8524885 283.31433 144.63547 568.08398 360.56293 321.87354 270.58008 566.56842 447.23383 2962.8525 
1.084445 2376.608 0.8790643 283.42981 144.60242 568.19775 360.62018 321.9241 270.5863 566.68256 447.20804 2963.251 
1.08648 1288.049 0.8769053 283.20291 144.82999 567.82147 360.49182 321.76266 270.67453 566.31274 447.30099 2962.3972 
1.090758 3109.64 0.6661197 283.5524 144.56192 568.25763 360.63373 322.07394 270.56616 566.86902 447.29114 2963.8057 
1.09245 3673.911 0.7602868 283.61713 144.6232 568.27905 360.69894 322.10242 270.61206 566.79492 447.16656 2963.8943 
1.092918 4336.79 0.8502523 283.71384 144.6454 568.29285 360.72046 322.11124 270.61649 566.75604 447.12521 2963.9814 
1.096949 1771.189 0.6662365 283.39465 144.74303 567.87567 360.51553 322.00586 270.64883 566.60425 447.40475 2963.1926 
1.101948 4539.627 0.6592806 283.81476 144.73305 568.1748 360.73236 322.21964 270.65778 566.755 447.17456 2964.262 
1.101948 4539.627 0.6592806 283.79724 144.7377 568.20581 360.73813 322.22647 270.66077 566.74457 447.17642 2964.2871 
1.103481 1503.967 0.8896457 283.491 145.07959 567.60815 360.52692 321.84714 270.78604 566.13458 447.17581 2962.6492 
1.103562 3193.378 0.8746182 283.77057 144.87785 567.95862 360.68369 322.11981 270.7019 566.46216 447.05228 2963.627 
1.103845 3067.409 0.9204396 283.79453 144.90288 567.95752 360.65884 322.12692 270.73071 566.44165 447.03003 2963.6431 
1.105512 4248.898 0.7650343 283.84116 144.84544 568.09521 360.73312 322.20938 270.6994 566.61157 447.06152 2964.0967 
1.109062 3692.184 0.7966686 283.86108 144.93961 567.966 360.69519 322.18787 270.72601 566.48157 447.03677 2963.8943 
1.113377 5979.739 0.8684144 284.02054 144.98561 568.02539 360.80215 322.30084 270.77432 566.49677 446.99533 2964.4009 
1.116336 6802.939 0.7719899 284.0748 145.01053 568.03436 360.80612 322.35266 270.78128 566.52429 447.01456 2964.5986 
1.119685 4624.905 0.2814157 283.76767 144.77834 567.8634 360.54755 322.43811 270.68478 566.98413 447.63367 2964.6978 
1.123446 1895.928 0.7348492 283.7702 145.23633 567.40198 360.53058 322.17023 270.81931 566.06964 447.04645 2963.0447 
1.124127 4040.801 0.809905 284.06152 145.20552 567.73578 360.72998 322.32486 270.8385 566.25159 446.94724 2964.095 
1.124127 4040.801 0.809905 284.06873 145.19901 567.72815 360.73981 322.31195 270.84799 566.22864 446.9585 2964.0828 
1.124351 4544.479 0.4845531 283.99234 145.03281 567.79535 360.68918 322.40115 270.78043 566.57166 447.19949 2964.4622 
1.126134 4882.963 0.4395122 284.01788 145.03137 567.77539 360.70398 322.43317 270.78836 566.63342 447.26706 2964.6504 
1.131212 1956.418 0.8977066 283.93921 145.48831 567.22974 360.58591 322.15811 270.93863 565.77368 446.89218 2963.0056 
1.132342 4676.113 0.5665808 284.15009 145.23026 567.70862 360.73584 322.44205 270.8559 566.34259 447.095 2964.5603 
1.135534 2956.651 0.3669647 283.81409 145.03487 567.53387 360.50803 322.46387 270.73923 566.63788 447.63165 2964.3635 
1.13835 4747.347 0.8349116 284.28839 145.44852 567.53931 360.78339 322.44708 270.95132 566.04919 446.85635 2964.3635 
1.141907 5525.028 0.6375766 284.32703 145.43639 567.53247 360.7886 322.5083 270.95505 566.16522 446.93204 2964.6453 
1.142708 2862.497 0.8448486 284.19403 145.59238 567.24854 360.70944 322.37781 270.9968 565.77155 446.85693 2963.7476 
1.143605 4910.405 0.7542045 284.3501 145.51268 567.46259 360.79218 322.49463 270.96793 566.02917 446.87582 2964.4851 
1.1463 1798.816 0.5998915 283.93951 145.50003 567.00482 360.49423 322.35257 270.94489 565.99872 447.25256 2963.4873 
1.1463 1798.816 0.5998915 283.96747 145.50507 567.04291 360.44644 322.39673 270.97528 565.93152 447.22855 2963.4941 
1.148643 4421.024 0.1389201 283.84827 145.03352 567.40906 360.44913 322.6951 270.77054 566.95526 447.94772 2965.1086 
1.149484 3269.942 0.6260263 284.26291 145.58675 567.25201 360.68262 322.49313 270.98346 565.93158 446.96985 2964.1626 
1.149685 5220.313 0.738864 284.42636 145.61092 567.37115 360.80438 322.54449 271.01501 565.94958 446.86142 2964.5833 
1.154388 3809.95 0.6831939 284.40518 145.69411 567.17358 360.72073 322.55328 271.03183 565.83807 446.89105 2964.3079 
1.157654 2725.647 0.8227521 284.36353 145.85149 566.93878 360.66919 322.45462 271.09845 565.51666 446.7948 2963.6875 
1.161605 2046.838 0.8909557 284.32788 146.01384 566.76526 360.6131 322.39343 271.15518 565.30487 446.69324 2963.2666 
1.165112 2241.799 0.6864149 284.34207 145.93538 566.758 360.59445 322.51968 271.10635 565.52039 446.91052 2963.687 
1.169156 3255.46 0.1033441 283.82355 145.17906 567.21716 360.43597 322.86682 270.90085 567.10986 448.55719 2966.0903 
1.180927 3227.001 0.2028685 284.1586 145.58302 566.81659 360.48361 322.91925 271.01144 566.42999 447.90274 2965.3054 
1.195216 2342.82 0.886761 284.8056 146.58179 566.29718 360.70108 322.66229 271.405 564.88123 446.56259 2963.8965 
1.195216 2342.82 0.886761 284.80896 146.58591 566.27478 360.71014 322.69574 271.39355 564.92694 446.58771 2963.9839 
1.197395 2811.262 0.8651498 284.89536 146.58559 566.34393 360.73282 322.74673 271.40381 564.95819 446.54431 2964.2109 
1.200777 2502.324 0.6576672 284.86011 146.52519 566.29364 360.68045 322.78104 271.37509 565.03571 446.75153 2964.3027 
1.202966 3486.107 0.730104 285.00992 146.59505 566.39252 360.80905 322.87076 271.42157 565.06146 446.63556 2964.7959 
1.208587 3400.397 0.02228877 284.13229 145.62262 566.74042 360.39288 323.23459 271.12445 566.9267 448.63528 2966.8093 
1.209614 4530.328 0.9479085 285.2081 146.74496 566.38184 360.88446 322.95844 271.50952 564.94006 446.47171 2965.0991 
1.214155 5544.988 0.7403016 285.28128 146.77257 566.39825 360.8952 323.02228 271.51474 564.99896 446.52771 2965.4111 
1.215141 2762.598 0.4593107 284.84854 146.55701 566.12018 360.65625 322.99982 271.40347 565.25177 447.0419 2964.8792 
1.215808 3905.038 0.6644291 285.18146 146.77911 566.27307 360.83734 322.98642 271.50037 564.9668 446.60773 2965.1323 
1.223909 3105.908 0.6944125 285.23941 146.94586 565.99408 360.79752 323.01123 271.58383 564.73712 446.58005 2964.8892 
1.236461 2892.05 0.7413416 285.38593 147.2077 565.77679 360.79022 323.08099 271.67303 564.51398 446.48712 2964.9158 
1.236461 2892.05 0.7413416 285.38724 147.21236 565.77594 360.80731 323.043 271.67163 564.48743 446.49167 2964.8765 
