1.787284 1675.07 0.3985087
1.799514 6140.056 0.192018
1.814674 8822.442 1.106725e-06
1.81916 4453.105 0.08558045
1.824302 5719.704 0.919752
1.828268 4225.174 0.9006622
1.829 3197.747 0.8602006
1.830109 3572.996 0.07660267
1.831026 10053.3 0.4838051
1.833001 1730.814 0.2935595
1.837589 9469.994 0.02095648
1.847621 8292.046 1.106725e-06
1.853777 10847.53 1.106725e-06
1.853956 5995.342 0.9974543
1.85945 5523.874 0.3646088
1.867293 7365.733 0.2067395
1.884882 9654.099 1.106725e-06
1.895768 9618.21 0.8549319
1.898211 2077.691 0.07847337
1.900844 12578.8 0.3062426
1.901718 3027.066 0.1103431
1.905653 2160.617 0.3706517
1.907878 6588.888 0.3858313
1.912685 8388.666 1.106725e-06
1.915364 3201.281 0.137724
1.917977 4940.856 0.7776957
1.918271 3979.636 0.2320497
1.927551 4338.86 0.3209567
1.929841 10192.12 0.198343
1.931981 5780.15 0.5172762
1.933601 8761.853 0.3588947
1.936893 7789.422 0.7307462
1.93862 1132.995 0.543476
1.9441 1761.285 0.2354152
1.952769 1385.66 0.4580663
1.952769 1472.637 0.4717917
1.952769 1501.55 0.3744606
1.952769 1557.866 0.3030377
1.952769 1643.683 0.3978698
1.952769 1691.68 0.2924724
1.961364 5436.388 1.106725e-06
1.965863 4732.491 0.5352832
1.975587 10192.12 0.4960806
1.975615 3887.089 0.3932922
1.977096 3565.938 0.202674
1.979151 6260.562 0.09479068
1.989382 4481.473 0.6298355
1.993891 8403.303 0.9060176
1.996512 2029.012 0.2792204
1.997444 4578.031 0.4881593
2.003222 5185.633 0.004658255
2.003445 3563.966 0.5603883
2.005778 9884.778 0.1192623
2.007864 1957.749 0.3358075
2.017651 2622.063 0.5204117
2.020057 2690.407 0.3470642
2.021547 9206.691 0.8173827
2.021949 1472.614 0.6283318
2.039538 3034.182 0.5304057
2.050391 4206.02 0.8039592
2.052182 2865.424 0.2060359
2.058837 8289.754 0.7510941
2.059814 5954.951 0.1093974
2.072687 5858.285 0.2196062
2.082828 9346.42 0.3355816
2.083379 7863.01 0.4206246
2.089376 1879.953 0.01206011
2.091182 10386.15 0.4672307
2.094249 2374.389 0.5836692
2.096678 11293.24 0.3669043
2.096698 4461.75 0.5704514
2.097606 10725.32 0.3424505
2.101254 846.2551 0.1725327
2.109214 648.7516 0.4565628
2.11403 5417.991 0.349963
2.11774 5646.943 0.5477218
2.122547 8298.963 0.320675
2.1279 11163.98 0.1298211
2.131282 5346.187 0.8040348
2.133356 6117.662 0.6590135
2.136051 572.356 0.3929419
2.137864 11032.47 0.5422299
2.14767 2021.393 0.2722116
2.147898 10192.12 0.1047737
2.150742 6528.917 0.7439714
2.15142 3472.733 0.120723
2.153604 854.8569 0.4255546
2.153876 10822.81 0.2039477
2.160629 1862.193 0.2349934
2.165998 6992.714 0.01210779
2.168913 1350.479 0.7409829
2.174145 2158.297 0.2047905
2.17738 7505.276 0.2823629
2.184107 2590.039 0.3470619
2.184338 3037.209 0.5618216
2.184913 6126.635 0.6404316
2.18561 1180.793 0.6558902
2.185852 1507.563 0.7316053
2.188087 6586.705 0.08102933
2.189346 1228.159 0.1880334
2.189869 7461.137 0.6388052
2.192189 10196.98 0.7385796
2.194375 8357.892 0.4473907
2.196353 6045.669 0.7354177
2.196419 5977.925 0.7232261
2.199104 1189.235 0.6686392
2.200085 9950.388 0.4727079
2.203577 1025.039 0.5204626
2.204161 4758.062 0.2223107
2.20544 1445.182 0.4384619
2.205913 8940.03 0.06863414
2.207919 10192.12 0.6722122
2.208548 10192.12 0.8896535
2.212208 1853.714 0.2653195
2.215809 3947.946 0.01179784
2.216066 833.1276 0.3758075
2.217567 9226.083 0.8796416
2.220005 9333.752 0.6027278
2.220578 5710.41 0.01564485
2.220895 2364.053 0.2883556
2.223492 10192.12 0.3175376
2.224757 845.9944 0.2593719
2.225611 2129.43 0.3086642
2.227028 2164.664 0.156374
2.22898 7874.285 0.3793307
2.229809 1433.724 0.1993937
2.23119 746.3917 0.668538
2.232933 1853.184 0.3848896
2.236087 1738.911 0.2317576
2.237661 8681.963 0.2067225
2.239831 10219.26 0.3046943
2.241736 883.4151 0.2803031
2.243155 4750.557 0.308356
2.243335 1853.439 0.4610089
2.245891 1853.454 0.4700871
2.24725 1853.946 0.4256132
2.248049 1854.75 0.394491
2.24969 746.3917 0.6437616
2.259902 10124.95 0.479534
2.261204 2065.684 0.5172366
2.262147 746.3917 0.6329478
2.265811 2022.722 0.2111591
2.269043 1970.549 0.1256747
2.27075 1423.763 0.5634002
2.273571 746.3917 0.6163625
2.278472 2609.251 0.2810889
2.279596 1215.671 0.4024493
2.283987 2476.507 0.2062134
2.284174 4329.457 0.6625094
2.286054 1514.955 0.5730318
2.286471 2494.049 0.08080698
2.286717 1767.645 0.1368131
2.287689 3258.345 0.8371684
2.290667 2220.347 0.03755763
2.291035 11273.83 0.6793771
2.292442 4491.167 0.7080054
2.295111 5404.441 0.688899
2.29709 1835.741 0.5512158
2.297636 6594.531 0.3738781
2.298261 7731.548 1.106725e-06
2.298894 1732.006 0.3311159
2.301779 2084.386 0.5662714
2.305237 2005.837 0.5981169
2.307073 4643.134 0.1629748
2.3101 1361.564 0.5665771
2.315621 1510.512 0.2911207
2.316725 746.3917 0.6912125
2.316993 1420.56 0.5156127
2.319484 746.3917 0.645557
2.326223 2488.022 0.6659191
2.333521 11920.76 0.7337149
2.338744 1350.688 0.3435789
2.338752 8675.059 0.9974543
2.342441 1571.317 0.3176149
2.346005 2220.446 0.3260636
2.350123 5103.212 0.2553532
2.355061 2030.295 0.6416275
2.363917 846.7464 0.4409704
2.379204 6778.728 0.7132295
2.381086 3621.904 0.2312956
2.381114 2979.541 0.2152183
2.384081 4975.774 0.722931
2.385619 11480.22 1.106725e-06
2.398453 5435.836 0.181538
2.398706 4797.367 0.09251235
2.398715 597.3469 0.3660788
2.400381 4003.347 0.9352724
2.40165 6138.185 1.106725e-06
2.420627 9322.285 0.2001717
2.422134 6275.376 0.6762314
2.427235 712.335 0.5860459
2.427421 1899.208 0.2650787
2.429913 7863.695 0.9974543
2.430005 8881.96 0.4839933
2.431394 10701.58 0.2219729
2.446823 7070.242 0.3277216
2.451711 4304.379 1.106725e-06
2.454021 10005.71 0.3154498
2.489117 10845.21 0.6019642
2.493411 6560.68 0.1923934
2.496017 6208.125 0.03477921
2.497749 4537.421 0.4864571
2.498566 4964.369 0.6024484
2.501798 6405.406 0.2780545
2.509944 4599.589 0.2062922
2.511121 2917.263 0.09922293
2.516763 3948.64 0.5470094
2.51715 2118.739 0.4593913
2.523097 7690.218 0.1900152
2.523498 6398.855 0.2570098
2.523677 6477.728 0.6956704
2.529596 5737.188 0.4138002
2.532687 4617.475 0.2976839
2.539105 1265.341 0.5308637
2.545002 987.7955 0.3479327
2.549667 1526.991 0.6595248
2.555468 7853.565 0.3480329
2.567634 1982.22 0.8489785
2.571283 2939.367 1.106725e-06
2.577675 1877.434 0.6365678
2.580605 1488.212 0.2825729
2.580605 1608.85 0.2493768
2.580605 1802.826 0.3611543
2.580605 1860.037 0.238904
2.580605 1902.934 0.3069786
2.580605 1938.527 0.2640455
2.594197 6692.304 0.02682501
2.602459 4609.697 0.5477541
2.613297 4985.399 1.106725e-06
2.614828 3125.334 0.7475906
2.631805 3351.822 0.6532422
2.640137 867.3145 0.1792393
2.643577 10289.48 0.08590421
2.648926 1338.172 0.2910195
2.663213 3391.152 0.07555293
2.683083 4042.72 0.8230562
2.686453 3180.524 0.3851118
2.68767 6317.062 1.106725e-06
2.689599 8437.977 0.9923271
2.69438 10192.43 1.106725e-06
2.702706 3417.684 0.7676514
2.704078 3902.672 0.05970026
2.707055 3912.92 0.8224856
2.707485 5297.683 1.106725e-06
2.719383 7937.496 0.5339629
2.732264 3044.268 0.4650723
2.755962 3679.067 0.944788
2.770033 849.8263 0.7997243
2.792136 4257.99 1.106725e-06
2.870574 2031.946 0.4608783
# initCovFnParam= 1.45406872751139 1591.93872002584 1.27755728292001 4
