1.73796 2197.054 0.3609467
1.754597 3420.921 5.533625e-07
1.781851 2076.597 0.8461694
1.805371 1719.574 0.5427447
1.811274 7543.3 0.1684963
1.830784 7366.304 0.9987272
1.839577 7044.16 0.1433603
1.846498 8116.982 0.1085686
1.850835 6978.152 0.3535512
1.86071 4276.597 0.03235168
1.879307 8989.511 0.9987272
1.8851 5462.264 0.9987272
1.885568 5175.231 0.8825068
1.897309 3711.142 0.1031919
1.90327 6843.775 0.5587779
1.907273 2335.296 0.8611181
1.91016 3485.918 0.3388005
1.920312 9587.571 0.5613107
1.922238 2274.61 0.6349264
1.933295 11918.57 0.2322057
1.940691 4417.031 0.1240356
1.942565 10931.66 0.7352305
1.944827 5846.125 0.218105
1.949738 6229.305 0.8158449
1.95338 1212.109 0.6953976
1.95338 1740.621 0.6606314
1.95338 2153.676 0.3965718
1.95338 11954.1 0.2257463
1.95338 12183.68 0.3026821
1.95338 12319.29 0.289598
1.955179 7838.441 0.8087203
1.955644 7215.908 0.03431357
1.964266 11785.76 0.9987272
1.972058 9633.921 0.1616412
1.981451 2624.735 0.08765736
1.988897 3103.178 0.7462957
1.99752 3646.834 0.02730488
2.000261 12186.53 0.5333178
2.002278 5277.616 0.3616767
2.007393 6943.894 0.9116841
2.010552 9591.437 0.6110606
2.013078 11970.24 0.2476082
2.013133 12120.48 0.4439654
2.015046 3324.889 0.3938548
2.025873 6477.001 0.08406598
2.027685 6301.059 0.8296984
2.032248 12160.24 0.2654256
2.037446 10835.27 0.2781775
2.042953 4689.273 0.8438465
2.047696 4162.297 0.001488737
2.048453 9172.617 0.8685243
2.05007 8882.541 0.1508091
2.050977 3031.947 0.2423003
2.051077 12199.83 0.3881935
2.051812 11198.16 0.05802653
2.064218 12249.2 0.2757685
2.070098 3098.176 0.1036554
2.086422 11837.18 0.3614223
2.088603 2560.767 0.8349045
2.092737 12064.78 0.6270206
2.098998 8747.986 5.533625e-07
2.100773 2881.822 0.2130594
2.102562 6822.74 5.533625e-07
2.104215 11390.06 0.1487192
2.106057 3195.802 0.8553455
2.106898 4402.244 0.4486966
2.108319 6895.328 0.337355
2.108397 3882.601 0.3184341
2.114263 12125.31 0.218988
2.115126 11642.28 0.121424
2.117767 4682.729 0.4839821
2.117995 9122.353 0.429621
2.131169 10279.09 0.8497039
2.134089 12048.83 0.192647
2.134608 8504.941 0.4652225
2.13915 2747.636 0.2788168
2.147027 12128.88 0.6111401
2.149167 9574.19 0.4804941
2.151119 3801.831 0.6890357
2.153654 4812.323 0.5923271
2.156109 7710.941 0.01330336
2.158949 2269.99 0.05920233
2.166016 5014.941 0.4494025
2.166216 10476.27 0.132621
2.168695 10708.73 0.7198188
2.175212 10279.09 0.2729485
2.182505 7956.508 0.8529154
2.186868 3582.957 0.9157829
2.192002 9152.882 0.3823997
2.194234 10279.09 0.06850721
2.196577 11971.13 0.4502828
2.197402 7607.052 0.0403599
2.199 11266.09 0.6168665
2.199975 6850.254 0.5553835
2.204681 7412.89 0.3499408
2.205031 11994.83 0.2046053
2.210307 6956.023 0.04592488
2.218347 10279.09 0.1268555
2.218535 7021.28 0.8547133
2.220585 4135.643 0.1905812
2.222488 2959.587 0.338377
2.222517 4443.843 0.4608837
2.227615 1586.409 0.1740004
2.228013 1578.593 0.4029431
2.230143 11775.65 0.2694479
2.233744 5408.317 0.8307874
2.236257 752.6572 0.6712866
2.237921 1853.358 0.3285736
2.23877 6931.246 0.6680794
2.240706 1853.343 0.326151
2.241423 8255.72 0.1517362
2.241427 3492.984 0.937333
2.242183 1853.26 0.3369509
2.24256 10279.09 0.267139
2.251615 1853.308 0.3169145
2.252474 1853.315 0.2951281
2.253512 1853.365 0.2850685
2.258833 8520.36 0.9007882
2.260841 7779.963 0.4958415
2.261442 6292.699 0.2254832
2.262143 1890.047 0.7240186
2.263289 3756.483 0.2802419
2.265927 6130.473 0.7441864
2.267758 4256.009 0.5789686
2.26844 11771.29 0.2402504
2.2724 752.6572 0.6824334
2.274911 8578.173 0.7164952
2.275945 6606.618 0.3713488
2.277706 2016.225 0.2095837
2.279636 3379.144 0.5091312
2.284838 11668.86 0.604098
2.286466 9451.081 5.533625e-07
2.288568 5378.152 0.5635167
2.289145 11948.46 0.2365218
2.289235 752.6572 0.6801671
2.290624 752.6572 0.6778671
2.291371 594.6735 0.3133063
2.295557 752.6572 0.6613082
2.296203 5719.93 0.8786289
2.297842 6041.324 0.06526445
2.298672 5027.818 0.2866086
2.29896 6808.149 0.7635851
2.299025 3342.198 0.0648433
2.307225 6323.087 0.6900543
2.310377 7953.776 0.2058057
2.317519 1226.666 0.4573171
2.31806 752.6572 0.6861603
2.318696 896.2212 0.2675921
2.319722 4686.281 0.4307094
2.32376 4215.148 0.9044956
2.32969 8261.539 0.4253125
2.33091 10149.29 0.1250401
2.332064 1630.812 0.6475015
2.336308 7669.21 0.7529927
2.336988 6298.399 0.9019412
2.342314 4256.568 0.08699112
2.344457 7051.07 0.1029788
2.344585 9704.523 0.4683046
2.34857 2595.866 0.8510721
2.353661 7360.295 0.6760034
2.357132 10152.48 0.3802662
2.357678 10788.14 0.0715612
2.359402 12005.74 0.2103993
2.360695 2177.763 0.7156489
2.361856 7193.053 0.6080188
2.364487 11481.76 0.4682195
2.368094 9956.256 0.2924852
2.368351 10279.09 0.8607468
2.373519 11878.87 0.1464103
2.377694 2759.042 0.5978187
2.379534 864.3695 0.2061747
2.383 1472.246 0.4419168
2.38313 5226.447 0.7856612
2.38884 2147.351 0.2373727
2.390461 12082.65 0.1511454
2.394042 3248.208 0.202339
2.397041 1019.329 0.4776352
2.401033 12664.61 0.1524367
2.403977 11567.15 0.04831297
2.404843 10817.95 0.4842874
2.40636 4195.017 0.7110695
2.410097 1725.901 0.2387907
2.427126 5623.407 0.6309734
2.428315 11871.13 0.2996325
2.434389 4799.39 0.1458096
2.442504 6030.688 0.1205409
2.443015 2628.366 0.0830494
2.445673 11991.51 0.1669007
2.450856 6356.218 0.5968117
2.457168 11642.93 0.09824849
2.45851 6866.853 0.9233709
2.463494 10978 0.3463207
2.465154 4138.632 0.7042322
2.47705 1932.862 0.1618655
2.479915 9023.126 0.6515362
2.481452 9141.918 0.9265578
2.483209 1649.17 0.7027906
2.486167 10934.69 0.6697533
2.497302 2362.703 0.3226673
2.498808 2578.605 0.6899034
2.503771 6490.692 0.4241629
2.50391 3173.749 0.618364
2.507964 3365.949 0.9311616
2.511792 2592.345 0.5677351
2.51435 3755.362 0.09555261
2.518212 10783.28 0.720379
2.519516 6813.363 0.4571517
2.51955 749.8374 0.5501445
2.521142 8958.134 0.3322307
2.522407 6387.045 0.5944453
2.525 11657.63 0.1774774
2.533479 7132.585 5.533625e-07
2.533972 5221.757 5.533625e-07
2.540122 10022.54 0.9987272
2.546548 3137.755 0.0481314
2.548094 4484.965 0.5238986
2.549002 6738.049 5.533625e-07
2.551838 2720.528 0.6743888
2.552334 2710.608 0.1788405
2.555156 7050.476 5.533625e-07
2.561941 4335.369 0.147013
2.565801 1093.907 0.7144825
2.568588 2790.518 0.6864323
2.568982 10832.66 0.9987272
2.575171 1488.671 0.7813897
2.576803 3824.788 0.2390409
2.579057 925.5547 0.5234787
2.579057 11124.27 0.1623137
2.579057 11301.96 0.02104823
2.579057 11408.68 0.3055205
2.579057 11632.91 0.2033728
2.579057 11860.44 0.05110074
2.580711 8281.254 0.9987272
2.582527 6479.753 0.1397698
2.588906 8111.091 0.9494196
2.60839 3031.167 0.1005908
2.612293 6766.143 0.2683913
2.626018 3787.169 0.6708561
2.626854 9129.942 0.4870338
2.639215 5250.439 0.412949
2.659637 8647.301 0.9987272
2.66714 2014.552 0.02437361
2.672958 4080.214 0.4247238
2.683131 5977.956 0.4844883
2.683622 4021.291 0.5250911
2.684461 2031.56 0.3303701
2.708892 10383.23 5.533625e-07
2.745772 10502.52 0.4150276
2.786188 7037.867 0.4428104
2.79409 1109.614 0.660981
# initCovFnParam= 1.41710816948398 1494.53749267393 1.43084310445449 4
