## Fri Feb 25 09:06:10 2022; Sample: 1; # of loci: 11; NrunsPerPoint=30;
## pointmin=1  pointmax=100 out of PointNumber=100
1.781161 3060.325 0.8743399 134.24071 159.69447 65.564362 266.71338 300.03143 177.79584 135.87975 114.6218 292.7753 214.96246 275.76135 2138.041 
1.801516 2880.885 0.5492492 134.37097 159.62473 65.711624 266.6174 299.63553 177.56261 135.87675 114.65638 292.51758 215.05531 275.59375 2137.2227 
1.806701 2924.439 0.5003327 134.39299 159.59383 65.738159 266.64966 299.59116 177.52522 135.89368 114.67183 292.453 214.99593 275.52512 2137.0308 
1.817923 4288.425 0.3336505 134.36444 159.63651 65.815735 266.61935 299.6503 177.68016 135.95529 114.64195 292.40207 214.81253 275.53583 2137.1143 
1.825739 1495.515 0.2255593 134.70921 159.3869 65.814751 266.77704 298.80667 176.65996 135.79424 114.76023 292.25754 215.72325 275.51901 2136.2087 
1.830142 2052.303 0.3501582 134.60272 159.4817 65.887047 266.51761 299.06427 177.1284 135.84344 114.76197 292.24686 215.1881 275.34644 2136.0684 
1.835038 4339.448 0.3771289 134.43629 159.65172 65.965439 266.42752 299.48682 177.71582 136.06195 114.70794 292.27686 214.78622 275.40875 2136.9253 
1.839444 1557.646 0.3346823 134.70517 159.42552 65.963493 266.51382 298.77527 176.88461 135.79407 114.87428 292.05502 215.51921 275.29776 2135.8083 
1.841236 1557.646 0.3320419 134.72876 159.48378 65.995155 266.61481 298.66418 176.82372 135.78336 114.84859 292.01065 215.49364 275.30914 2135.7559 
1.842225 1557.646 0.3287961 134.728 159.48979 66.003479 266.52963 298.70776 176.79004 135.84558 114.9065 292.12561 215.52055 275.25497 2135.9019 
1.842225 1557.646 0.3287961 134.73941 159.42848 66.005821 266.6088 298.69827 176.88159 135.82611 114.82903 291.98886 215.57387 275.29117 2135.8713 
1.842609 1557.646 0.3284389 134.71159 159.437 66.035568 266.5318 298.64825 176.86288 135.78679 114.92209 292 215.5013 275.21741 2135.6548 
1.842854 1557.646 0.3291347 134.71964 159.43805 65.998055 266.47186 298.66443 176.83597 135.8046 114.88641 292.02612 215.53358 275.30701 2135.6855 
1.843263 1557.646 0.3301684 134.73666 159.43335 66.02919 266.50922 298.57245 176.87935 135.85498 114.89502 291.97351 215.51978 275.2132 2135.6167 
1.844394 4362.017 0.6553058 134.46042 159.71303 66.093887 266.2858 299.56619 177.85747 136.10762 114.78879 292.20502 214.62633 275.32727 2137.0317 
1.844767 2228.686 0.2728309 134.65302 159.52362 66.025322 266.43796 298.93124 177.16237 135.88464 114.82819 292.03348 215.14059 275.16953 2135.7898 
1.86662 1728.081 0.2802135 134.77402 159.44402 66.177605 266.38864 298.51608 176.92119 135.88705 114.89719 291.76904 215.31339 275.07581 2135.1641 
1.86662 1735.4 0.2614548 134.79677 159.43175 66.162689 266.38159 298.43491 176.95406 135.87628 114.9407 291.86737 215.35663 275.06335 2135.2661 
1.86662 1773.143 0.3215719 134.78973 159.52364 66.207237 266.32477 298.54633 177.0146 135.91762 114.96544 291.78876 215.2135 275.09277 2135.3843 
1.86662 1781.199 0.2599841 134.78963 159.4173 66.197205 266.41742 298.55386 176.8385 135.92194 114.87646 291.76468 215.29622 275.03406 2135.1072 
1.86662 1861.774 0.3336317 134.74049 159.49495 66.189125 266.30759 298.53424 177.05173 135.90833 114.9426 291.89301 215.10394 275.03195 2135.198 
1.86662 1861.774 0.3336317 134.75656 159.46237 66.205612 266.26016 298.5705 177.01619 135.93185 114.92088 291.74106 215.13757 274.99152 2134.9944 
1.86662 1869.839 0.3093071 134.79916 159.49031 66.201508 266.20483 298.60736 177.00867 135.95375 114.92801 291.81857 215.17924 275.02588 2135.2173 
1.872997 3231.078 0.5171452 134.65077 159.64217 66.322128 266.0376 298.95349 177.6156 136.13278 114.94569 291.88617 214.64116 274.94598 2135.7734 
1.873047 5163.067 0.498785 134.56468 159.72313 66.320671 266.12646 299.35223 177.88132 136.19286 114.86952 291.97577 214.48308 275.10587 2136.5955 
1.874066 5533.133 0.3563038 134.57268 159.70868 66.320686 266.14941 299.29413 177.84322 136.22466 114.83521 291.96823 214.50708 275.09912 2136.5229 
1.874883 3704.406 0.2413772 134.60129 159.61803 66.259087 266.17303 298.97403 177.53271 136.12021 114.81639 291.85818 214.65707 275.03149 2135.6416 
1.875272 4329.91 0.4492831 134.59418 159.71198 66.335274 266.08215 299.12277 177.73204 136.16866 114.88669 291.91586 214.54597 275.02689 2136.1226 
1.878818 5236.49 0.3984499 134.60565 159.70172 66.354027 266.11078 299.2149 177.82527 136.2088 114.87032 291.92072 214.45122 275.02362 2136.2871 
1.887246 3938.007 0.2151452 134.68932 159.65152 66.376785 266.03876 298.89343 177.52325 136.13342 114.87296 291.75638 214.57385 274.97409 2135.4836 
1.890214 2064.966 0.3033833 134.82091 159.47649 66.420151 266.02142 298.36493 177.14972 136.0186 115.00211 291.65631 214.96942 274.77798 2134.6782 
1.904331 3389.351 0.4200703 134.74672 159.65645 66.589485 265.85037 298.68991 177.58749 136.18871 115.02838 291.60919 214.5251 274.76151 2135.2334 
1.904331 3389.351 0.4200703 134.75931 159.65594 66.576546 265.85535 298.71671 177.63269 136.2204 115.02061 291.57373 214.5099 274.73734 2135.2585 
1.905501 5492.195 0.4629127 134.70786 159.73643 66.60656 265.88742 299.00662 177.9124 136.31105 114.9957 291.70474 214.34727 274.86191 2136.0779 
1.910132 4310.427 0.1405231 134.78592 159.6496 66.575706 265.98688 298.76123 177.51147 136.21388 114.92835 291.55936 214.47272 274.8541 2135.2991 
1.910501 3783.575 0.5136577 134.77341 159.6873 66.641121 265.77805 298.74951 177.77783 136.25661 115.06976 291.53732 214.44029 274.70541 2135.4167 
1.925744 3939.307 0.4183535 134.82629 159.69064 66.748795 265.7338 298.61935 177.7347 136.30827 115.10399 291.41199 214.32866 274.60767 2135.1143 
1.926173 6309.43 0.3644112 134.78734 159.73262 66.772911 265.75867 298.89139 177.91388 136.39023 115.06483 291.50949 214.24789 274.69296 2135.7622 
1.946985 4727.469 0.2647093 134.90219 159.72614 66.924103 265.61212 298.51187 177.72346 136.37546 115.12284 291.24329 214.26094 274.51718 2134.9197 
1.961339 3950.604 0.3012798 134.98143 159.69073 67.034973 265.51407 298.22699 177.64937 136.40956 115.21216 291.13605 214.28368 274.41614 2134.5552 
1.964919 5547.903 0.1023773 134.95029 159.74245 67.0439 265.561 298.4566 177.69911 136.46411 115.14036 291.15845 214.1358 274.40155 2134.7537 
1.968778 5323.768 0.3758438 134.9989 159.75362 67.129745 265.40103 298.38788 177.88612 136.51251 115.24596 291.13251 214.13445 274.36572 2134.9482 
1.970272 4482.07 0.2862225 135.0237 159.71895 67.107674 265.45847 298.27234 177.75575 136.48163 115.24342 291.07346 214.19667 274.3183 2134.6504 
1.970272 4482.07 0.2862225 135.01555 159.71808 67.108238 265.43802 298.32001 177.7343 136.47997 115.23688 291.08044 214.1671 274.28876 2134.5874 
1.977815 7061.735 0.395235 135.01421 159.82579 67.210365 265.38843 298.48901 178.01637 136.60393 115.28968 291.13535 214.02202 274.32266 2135.3179 
1.981504 4032.801 0.2216857 135.08429 159.71233 67.175301 265.38828 298.13464 177.67279 136.48146 115.28323 290.9169 214.18379 274.21976 2134.2529 
1.982096 6077.491 0.2704278 135.04489 159.77481 67.213425 265.3811 298.33209 177.8963 136.57932 115.2766 291.02289 214.0006 274.27719 2134.7993 
1.986329 5598.618 0.216614 135.07683 159.77524 67.240913 265.37054 298.2049 177.82591 136.54703 115.27327 290.99133 214.05272 274.23859 2134.5972 
1.995762 4777.762 0.2811376 135.12292 159.76561 67.336853 265.28717 298.07016 177.82957 136.57175 115.34513 290.87524 214.067 274.13953 2134.4111 
2.009461 6053.339 0.1138385 135.17154 159.76917 67.424911 265.22528 298.06204 177.80522 136.63863 115.35477 290.82468 213.97398 274.13181 2134.3821 
2.012443 3765.228 0.04055781 135.24576 159.68025 67.3834 265.37582 297.64276 177.40746 136.57256 115.37148 290.67511 214.2301 274.1214 2133.7061 
2.016969 8210.232 0.321623 135.17728 159.84572 67.535614 265.13156 298.19537 178.07951 136.74963 115.44752 290.79321 213.83498 274.06357 2134.854 
2.017106 8210.232 0.3214054 135.18309 159.85577 67.536858 265.13455 298.2085 178.07941 136.75114 115.44509 290.83179 213.84204 274.06763 2134.936 
2.01737 8210.232 0.3188353 135.18419 159.86586 67.541138 265.13568 298.17371 178.08716 136.75278 115.44189 290.82346 213.84311 274.09842 2134.9475 
2.01737 8210.232 0.3188353 135.18428 159.85779 67.531784 265.1445 298.1889 178.09163 136.74661 115.43972 290.83182 213.86005 274.07471 2134.9517 
2.019142 8210.232 0.3168206 135.18475 159.84851 67.557014 265.1347 298.21176 178.0997 136.76341 115.45097 290.80914 213.86215 274.06888 2134.9912 
2.01924 8210.232 0.3171682 135.19046 159.85739 67.553856 265.13083 298.20953 178.07014 136.75865 115.45341 290.80167 213.84473 274.07379 2134.9443 
2.020362 8210.232 0.3146639 135.19185 159.87018 67.561714 265.10568 298.17279 178.09982 136.76492 115.46207 290.8002 213.83308 274.07242 2134.9346 
2.02044 5934.828 0.1224591 135.21144 159.79094 67.508942 265.16144 298.00064 177.8271 136.67778 115.39551 290.71179 213.9501 274.05017 2134.2856 
2.023642 4984.313 0.205949 135.24174 159.78712 67.572365 265.12677 297.87198 177.79941 136.67314 115.4433 290.65048 213.98933 273.98099 2134.1367 
2.034016 4181.756 0.03497884 135.321 159.7029 67.588814 265.15137 297.63596 177.54913 136.63698 115.44083 290.45587 214.13451 273.97147 2133.5889 
2.037269 6995.946 0.2522191 135.28679 159.85487 67.694168 265.01215 297.94495 178.01013 136.79294 115.53784 290.62772 213.82916 273.87219 2134.4629 
2.040804 5122.151 0.04980743 135.34531 159.74989 67.678955 265.08588 297.67487 177.69054 136.71332 115.4798 290.48984 213.95415 273.87323 2133.7356 
2.04225 6034.091 0.164268 135.32349 159.83414 67.723457 265.02643 297.82083 177.8719 136.7601 115.53742 290.52866 213.87451 273.89484 2134.1958 
2.046468 6818.278 0.2515332 135.32108 159.8606 67.77047 264.95511 297.87189 178.0007 136.82628 115.58563 290.55405 213.81543 273.83902 2134.4001 
2.046468 6818.278 0.2515332 135.32568 159.86394 67.762367 264.94623 297.85492 177.99866 136.82927 115.55952 290.54465 213.80356 273.83905 2134.3279 
2.047684 6934.511 0.2619755 135.33363 159.87267 67.790352 264.94183 297.84256 178.03789 136.82869 115.58714 290.52109 213.78488 273.82742 2134.3682 
2.056511 4459.646 0.03905938 135.43709 159.77298 67.801331 265.00363 297.40271 177.60071 136.7356 115.53625 290.34097 213.99419 273.77139 2133.3967 
2.05752 5388.19 0.326696 135.40309 159.84743 67.87352 264.83563 297.68243 177.95969 136.8252 115.62997 290.43256 213.82246 273.67725 2133.9893 
2.064204 4443.942 0.0697923 135.4664 159.75516 67.85733 264.89432 297.44885 177.63991 136.74757 115.58563 290.33771 213.93372 273.7149 2133.3816 
2.066652 6908.2 0.2793314 135.41748 159.88156 67.949837 264.81949 297.74054 178.06439 136.89481 115.65693 290.38654 213.74356 273.70795 2134.2629 
2.069608 4676.295 0.03181112 135.48357 159.8154 67.886635 264.87701 297.44119 177.64821 136.77118 115.58784 290.28381 213.88091 273.69434 2133.3701 
2.072813 5402.652 0.09437528 135.4911 159.83897 67.973907 264.86365 297.52179 177.78365 136.84627 115.65974 290.24738 213.82297 273.67645 2133.7261 
2.073773 6660.763 0.01457996 135.46979 159.84938 67.947182 264.87424 297.56027 177.85594 136.87944 115.60679 290.31851 213.70558 273.71307 2133.78 
2.075968 5319.767 0.2427218 135.46516 159.87071 68.0224 264.76733 297.48291 177.94264 136.88995 115.69278 290.30051 213.77058 273.61545 2133.8206 
2.090045 6196.034 0.2277347 135.54616 159.88799 68.136093 264.70062 297.42853 178.01149 136.95517 115.76654 290.20517 213.69963 273.55069 2133.8882 
2.090045 6196.034 0.2277347 135.55301 159.89722 68.144257 264.69064 297.48984 178.0143 136.98132 115.77348 290.20236 213.66014 273.55484 2133.9614 
2.092184 4987.203 0.02356415 135.5865 159.84273 68.084946 264.83249 297.28381 177.67075 136.93484 115.69396 290.06207 213.83539 273.59256 2133.4202 
2.094214 4967.741 0.0850013 135.57314 159.84897 68.115135 264.70627 297.30081 177.77393 136.92322 115.72555 290.07278 213.78511 273.53918 2133.3643 
2.096209 5027.561 0.1449183 135.59305 159.84781 68.132896 264.67514 297.28125 177.83318 136.9254 115.75366 290.11115 213.74004 273.47778 2133.3713 
2.100264 4549.342 0.04049622 135.65211 159.82916 68.158745 264.77441 297.10956 177.66217 136.89368 115.73003 289.97787 213.83261 273.50476 2133.125 
2.102899 4848.077 0.07346003 135.6506 159.86227 68.201759 264.68735 297.19421 177.78056 136.96336 115.75465 289.98309 213.77515 273.46796 2133.321 
2.103976 7499.022 0.1761992 135.60226 159.92657 68.257629 264.6134 297.42398 178.09047 137.05518 115.8194 290.12573 213.62846 273.47592 2134.0188 
2.104031 5295.948 0.09515334 135.63101 159.87531 68.221809 264.63882 297.21045 177.86008 136.95009 115.77824 290.01328 213.7197 273.45514 2133.354 
2.104435 5011.941 0.04426245 135.64717 159.83553 68.196312 264.6785 297.23993 177.7222 136.94104 115.77164 290.00409 213.79631 273.47961 2133.3123 
2.106669 5009.571 0.05866358 135.65216 159.85654 68.207031 264.63391 297.17914 177.74075 136.97643 115.74819 290.03708 213.75011 273.44086 2133.2222 
2.11097 5204.874 0.07466125 135.67868 159.88625 68.251678 264.57959 297.18137 177.81 136.95247 115.79218 290.03729 213.70947 273.44156 2133.3208 
2.11097 5204.874 0.07466125 135.6774 159.87242 68.265297 264.66833 297.13501 177.8038 136.9772 115.79478 289.92014 213.70181 273.43869 2133.2549 
2.117992 5967.244 0.01797636 135.69933 159.88391 68.336807 264.56213 297.16345 177.87488 137.0269 115.78329 289.95636 213.68205 273.42963 2133.3987 
2.120397 5224.251 0.05356294 135.718 159.88791 68.338737 264.57764 297.06152 177.84756 137.00272 115.79264 289.92221 213.7254 273.40106 2133.2754 
2.132825 6497.711 0.1974608 135.74783 159.94337 68.502312 264.40961 297.16046 178.07454 137.15106 115.94071 289.88077 213.57697 273.25714 2133.6448 
2.136558 5134.054 0.07656595 135.78004 159.89574 68.471031 264.43576 296.98932 177.82549 137.07469 115.90881 289.82526 213.61961 273.28137 2133.1069 
2.143003 5543.246 0.0595625 135.8214 159.91078 68.548256 264.39847 296.93378 177.85022 137.12125 115.96055 289.73926 213.59116 273.21863 2133.0938 
2.152045 5701.648 0.01986971 135.87064 159.92717 68.615707 264.40488 296.88623 177.85654 137.11513 115.97699 289.67499 213.63214 273.17654 2133.137 
2.158218 5849.795 0.03274304 135.89603 159.95021 68.66114 264.32571 296.86325 177.90617 137.15817 116.04124 289.68417 213.53448 273.17755 2133.1982 
2.163152 4201.901 0.002266572 135.94316 159.87813 68.68541 264.39557 296.55264 177.69916 137.12737 115.98763 289.56131 213.68585 273.12637 2132.6426 
2.163375 6092.293 0.03144772 135.91678 159.97878 68.719559 264.28217 296.9079 177.93497 137.18523 116.03658 289.60666 213.51636 273.12128 2133.2063 
2.165404 4331.18 0.002266572 135.97331 159.88235 68.691254 264.34485 296.64658 177.72469 137.11919 116.00154 289.52399 213.69479 273.07016 2132.6726 
2.165404 4331.18 0.002266572 135.9751 159.93279 68.684784 264.33603 296.68008 177.66965 137.16919 116.04617 289.57928 213.67743 273.12552 2132.876 
2.169246 4607.748 0.01661478 135.97026 159.92992 68.737747 264.29846 296.58945 177.78957 137.15883 116.00225 289.5813 213.58641 273.09653 2132.7407 
2.184381 6312.357 0.02522235 135.99826 159.99756 68.903938 264.17307 296.73294 177.99692 137.3062 116.13026 289.53262 213.51814 273.0481 2133.3379 
2.186521 6279.995 0.06379394 136.03709 160.01363 68.915199 264.15091 296.6907 178.04167 137.30464 116.13454 289.45596 213.48618 272.96277 2133.1934 
2.207383 4490.942 0.002266572 136.1842 159.98671 69.019699 264.09009 296.36264 177.75175 137.28236 116.1981 289.28925 213.53494 272.85266 2132.5522 
2.212255 7689.736 0.1061701 136.14027 160.08675 69.157143 263.99878 296.69055 178.19786 137.45001 116.31583 289.36057 213.30511 272.82999 2133.533 
2.216289 4794.31 0.002266572 136.19891 160.01126 69.114166 264.07184 296.40311 177.8558 137.34856 116.29118 289.25217 213.53203 272.7926 2132.8716 
2.223833 4699.55 0.002266572 136.24155 159.99356 69.200333 263.98877 296.32678 177.79723 137.43327 116.28021 289.17871 213.44031 272.76138 2132.6421 
2.261002 5840.035 0.002266572 136.41919 160.1024 69.510986 263.76773 296.14856 178.09717 137.605 116.50823 288.9537 213.29282 272.55194 2132.9578 
2.27519 8145.381 0.002266572 136.4501 160.19612 69.677528 263.70398 296.23969 178.25499 137.70509 116.59344 288.91229 213.14185 272.51187 2133.387 
2.28903 4134.925 0.002266572 136.60394 160.12132 69.733612 263.73132 295.81674 177.87128 137.6185 116.58746 288.8266 213.39694 272.43494 2132.7427 
2.28903 4134.925 0.002266572 136.57207 160.1219 69.739746 263.6864 295.73444 177.90234 137.65622 116.60661 288.75568 213.41792 272.4855 2132.679 
