1.73746 2654.433 0.0001424566
1.789432 2609.259 0.498791
1.796557 5740.629 0.0001424566
1.800108 7283.458 0.0001424566
1.810176 4108.237 0.02461774
1.81241 3881.798 0.8898008
1.815606 3362.413 0.0001424566
1.817267 2065.113 0.5630338
1.818588 4118.312 0.891741
1.822492 1865.491 0.04462593
1.83855 4159.54 0.6816975
1.840264 1102.792 0.1552403
1.842663 7344.546 0.0001424566
1.849125 4396.226 0.1697906
1.849531 1341.779 0.139009
1.863615 3792.731 0.6793717
1.877997 1921.353 0.7484856
1.88046 1651.539 0.8835986
1.884185 2176.169 0.39188
1.889847 4189.456 0.0001424566
1.899999 3541.414 0.6149072
1.907125 1532.618 0.3842322
1.910922 5003.423 0.9999854
1.911641 4950.428 0.8684827
1.92058 8045.566 0.1317645
1.92751 6242.971 0.4887266
1.937792 4032.943 0.0001424566
1.941482 3089.883 0.1311153
1.94348 2033.084 0.8752771
1.950304 2014.684 0.847191
1.952651 1486.758 0.458985
1.952651 1682.945 0.5162791
1.952651 1690.361 0.6207161
1.952651 1753.137 0.4445405
1.952651 1813.058 0.4629542
1.952651 1825.234 0.4049658
1.967877 3317.951 0.8198815
1.972125 1927.026 0.4845411
1.976779 1132.682 0.2559417
1.986168 8421.712 0.9999854
1.986695 6556.491 0.2171894
1.996102 3066.508 0.2625743
2.002076 6672.846 0.6819449
2.002335 7203.171 0.941827
2.004452 6849.845 0.2011906
2.009312 1493.753 0.838793
2.022091 1650.139 0.8119537
2.022591 3278.231 0.2417619
2.03722 842.9917 0.412707
2.039997 4944.552 0.307592
2.041078 994.3936 0.8760451
2.043857 3042.764 0.6894661
2.049784 6449.216 0.1667228
2.052593 2233.217 0.7654245
2.05658 1651.249 0.7361456
2.057065 3059.762 0.1982425
2.057139 4491.248 0.3518939
2.058611 4308.023 0.5364585
2.059721 874.964 0.5086317
2.063116 1514.592 0.4031862
2.063767 1405.685 0.3559306
2.06535 3992.957 0.8791531
2.066683 5962.249 0.459871
2.068422 6036.272 0.8097601
2.069581 4422.585 0.006887132
2.086353 5643.089 0.7948591
2.08637 4029.357 0.9999854
2.087486 709.0085 0.8351967
2.088218 3517.56 0.2324867
2.091187 8656.949 0.2452488
2.096672 3933.161 0.0001424566
2.097259 4251.909 0.4989843
2.098854 8089.68 0.3098726
2.120922 7526.255 0.7631224
2.122663 4350.702 0.9104982
2.134811 5126.702 0.5589006
2.143934 2984.363 0.6133439
2.144741 4177.723 0.2663198
2.150569 1695.388 0.2959426
2.152212 5878.442 0.8643809
2.156135 4086.923 0.2560576
2.163055 6739.675 0.5327385
2.164636 794.7388 0.5321422
2.168637 2241.991 0.2183152
2.169034 7636.371 0.09003229
2.173607 1125.031 0.4731343
2.17745 8095.107 0.3766769
2.181478 2096.391 0.2223794
2.184749 1653.397 0.5617515
2.185317 1234.09 0.5001616
2.185986 2824.855 0.1064341
2.190624 759.1966 0.4098943
2.192163 6802.472 0.04689893
2.19386 3225.05 0.5160778
2.197924 643.2717 0.9606431
2.198491 1650.893 0.6193552
2.203283 1796.598 0.8780873
2.205387 2308.665 0.2860207
2.205641 5040.682 0.07217307
2.209812 8030.926 0.8742192
2.21193 2262.819 0.8359651
2.217486 8310.871 0.02141114
2.218108 2686.207 0.4124151
2.219834 1134.754 0.04021413
2.221339 1984.152 0.4834471
2.224083 4521.124 0.4726262
2.224603 4364.38 0.2418801
2.226322 643.2717 0.968785
2.228055 1937.102 0.1611928
2.232373 643.2717 0.9831024
2.234895 2205.263 0.3783906
2.237584 865.1639 0.5490171
2.237667 643.2717 0.920102
2.238485 1653.835 0.5130698
2.241533 1632.721 0.3492962
2.244731 1652.533 0.4696886
2.244854 1928.708 0.5371196
2.245871 5055.779 0.8523314
2.247245 1522.942 0.4500055
2.247315 3067.108 0.1377642
2.247479 4544.104 0.3080847
2.249337 2983.744 0.650318
2.249965 4045.2 0.8854194
2.250427 1003.911 0.2893098
2.251029 643.2717 0.955693
2.251093 4101.109 0.4907521
2.252457 643.2717 0.9572135
2.253364 2067.665 0.1270051
2.255215 1551.016 0.4291478
2.255251 2130.709 0.1681334
2.25696 5573.723 0.6249246
2.257787 1697.276 0.5753271
2.260434 4127.561 0.871394
2.261217 5402.37 0.9999854
2.263487 2074.763 0.003035589
2.266639 8951.488 0.1952113
2.267083 1449.883 0.4825958
2.267466 7858.949 0.1664489
2.271805 694.2815 0.3439146
2.272793 8334.052 0.04010693
2.276108 3216.113 0.6040206
2.276182 2140.226 0.3990971
2.278056 1461.205 0.3433799
2.28133 7053.084 0.8747476
2.283067 1954.686 0.8830835
2.287352 2440.327 0.2712129
2.287881 4926.521 0.6114953
2.288945 6040.536 0.9506324
2.291166 2201.254 0.4260667
2.292451 4362.292 0.1300295
2.292696 3149.78 0.06678783
2.293092 6210.175 0.3487573
2.293111 5109.516 0.5756133
2.296429 8951.488 0.1064627
2.296642 3105.401 0.8036021
2.29672 1423.132 0.1970842
2.29675 1173.296 0.7997726
2.298546 1964.788 0.4695944
2.302212 8951.488 0.03013451
2.30297 1330.102 0.4439748
2.307095 3745.984 0.480398
2.307367 1348.779 0.8744595
2.309649 8951.488 0.001102372
2.310798 1994.016 0.2027117
2.312032 8951.488 0.02079092
2.316702 1331.979 0.4151325
2.318565 1332.619 0.4200586
2.319806 8951.488 0.07967977
2.32091 1884.589 0.5219357
2.324514 1898.383 0.5157963
2.331642 3855.729 0.3606079
2.335021 1660.435 0.5613494
2.337128 1713.388 0.5405874
2.349902 5566.007 0.03217533
2.364695 5123.554 0.3245068
2.373082 3471.823 0.3016718
2.383545 7643.849 0.9345776
2.38727 1403.286 0.8228518
2.389188 3719.03 0.9249023
2.389772 1331.078 0.8975659
2.394064 6717.298 0.3847347
2.396126 3870.416 0.3170355
2.398597 4660.15 0.03712884
2.403957 7711.439 0.1929672
2.410559 4531.58 0.7385526
2.41057 733.8664 0.7196446
2.421869 4983.135 0.861139
2.427494 5393.302 0.9622368
2.428488 3819.339 0.2291076
2.429797 4191.793 0.0001424566
2.439474 1726.748 0.4332943
2.440551 7173.495 0.5138805
2.447308 3091.061 0.7166739
2.448477 6228.101 0.7278945
2.448566 5575.698 0.1638317
2.45288 1151.652 0.6365625
2.45552 7340.045 0.1050504
2.457344 3240.742 0.6899746
2.465419 611.1901 0.4800322
2.471775 6650.035 0.2583791
2.477207 1237.013 0.3232559
2.485124 4225.06 0.0001424566
2.489328 4167.195 0.1512074
2.491361 3589.3 0.192805
2.493966 2054.073 0.1786671
2.498706 6240.118 0.8165768
2.499868 4239.013 0.5075186
2.502476 1789.161 0.6994611
2.50642 4043.504 0.584938
2.507185 1485.715 0.6909395
2.519152 4341.098 0.0001424566
2.530479 7781.275 0.3402656
2.534492 1811.481 0.4193273
2.545736 5924.626 0.5530825
2.547195 2960.161 0.5780022
2.548049 2050.691 0.0934238
2.556612 4631.716 0.6125346
2.57997 6623.993 0.3963918
2.580581 1432.415 0.3793326
2.580581 1592.185 0.3599167
2.580581 1592.915 0.5226802
2.580581 1640.08 0.3308225
2.580581 1778.19 0.3259672
2.580581 1801.472 0.3757297
2.583645 1188.287 0.7922003
2.593573 6305.81 0.4212323
2.602695 975.4669 0.4842935
2.625199 1406.911 0.2859196
2.631436 3271.627 0.1547915
2.644678 2253.014 0.2895755
2.648978 4145.265 0.09070804
2.652838 8560.466 0.9999854
2.660076 4107.037 0.5179626
2.665218 4380.768 0.152061
2.668497 6364.785 0.5281033
2.669594 2656.459 0.0001424566
2.675699 1477.643 0.07881623
2.680449 7311.394 0.9999854
2.687032 3875.574 0.732457
2.693422 8029.597 0.9999854
2.698234 2566.249 0.3670502
2.699354 4000.844 0.5012765
2.699627 5399.616 0.9923018
2.70864 5151.33 0.5209149
2.712832 7159.125 0.6442187
2.727198 6195.038 0.9999854
2.742026 1668.081 0.7257227
2.781324 5502.307 0.0001424566
2.78342 2152.194 0.1301945
2.836751 3378.708 0.0001424566
# initCovFnParam= 1.52368137115904 1285.21499913717 1.50732002353776 4
