1.742704 3491.829 7.12283e-05
1.777801 2439.034 0.4660394
1.78261 3212.615 0.4574852
1.795014 2571.259 0.1051755
1.805966 2477.145 0.379383
1.811723 2575.31 0.1914956
1.854491 4697.726 0.08685564
1.856739 2387.872 0.5643495
1.862998 9356.412 0.3778158
1.869753 8769.789 0.2653215
1.87279 992.9479 0.7361563
1.884899 5725.31 0.06258876
1.893405 4173.79 0.8285828
1.897482 4234.705 7.12283e-05
1.898913 8470.979 0.1759814
1.903574 4844.406 0.9684618
1.905557 5846.575 7.12283e-05
1.917807 7426.371 0.1268353
1.920434 4429.847 0.6441369
1.93726 6746.469 0.9999927
1.949898 1465.384 0.9713869
1.952656 1599.556 0.430204
1.952656 1611.621 0.5422171
1.952656 1619.971 0.5565712
1.952656 1644.124 0.5659718
1.952656 1723.926 0.4438294
1.952656 1925.734 0.4128556
1.971936 6759.111 0.3207762
1.972666 7372.23 0.2671982
1.986737 2155.968 0.6362745
1.992002 2580.725 0.08864386
1.99575 1527.446 0.6936964
2.003571 5749.234 0.9999927
2.004555 3181.747 0.9609298
2.011874 1109.592 0.2386414
2.013767 3986.901 0.7859551
2.019931 2162.165 7.12283e-05
2.022215 5340.383 7.12283e-05
2.025656 5411.536 0.1935108
2.040461 1763.632 0.6488001
2.044315 3572.797 0.2877985
2.048381 6042.028 0.3696638
2.051012 8111.423 0.3481056
2.054044 4790.904 0.3764849
2.060091 5027.7 0.09367075
2.060706 6701.235 0.9411434
2.069807 4664.384 0.8887995
2.069973 4507.39 0.7418644
2.072706 8442.966 0.6909195
2.078952 8922.068 0.5827697
2.079131 2983.645 7.12283e-05
2.082569 2645.213 0.5185915
2.083299 838.0998 0.6396053
2.095567 7908.228 0.5848298
2.096573 4358.601 0.1691743
2.102309 1632.476 0.4516545
2.105156 5757.746 0.6951847
2.106773 1632.9 0.4151852
2.112307 2080.901 0.6838175
2.117488 9984.914 0.393966
2.119496 5581.204 0.7480527
2.119683 5802.141 0.7571965
2.123515 1632.651 0.4360259
2.128538 1750.589 0.4793153
2.128622 4323.467 0.04501643
2.13046 5341.337 0.2973001
2.131037 1537.902 0.6229454
2.132461 3061.272 0.9004777
2.135449 6174.938 0.4655874
2.139083 1786.339 0.1969023
2.141345 3003.142 0.5820366
2.144522 1653.668 0.3047513
2.145255 2252.337 0.405024
2.1493 4604.803 0.4955571
2.151918 4844.554 0.8341739
2.16072 1809.659 0.4362786
2.161889 1632.608 0.4117109
2.162384 1622.622 0.3348374
2.166592 5483.144 0.1590503
2.167447 2323.692 0.4520602
2.168583 7273.876 0.4379268
2.170973 1632.445 0.4652848
2.171582 2841.779 0.8853161
2.172581 1632.275 0.4528115
2.180833 5078.303 0.8727933
2.187844 2006.097 0.1808544
2.188063 5868.832 0.2791078
2.190211 3216.354 0.6429231
2.195773 1626.478 0.5620811
2.199169 1451.158 0.6763368
2.202574 1178.833 0.1643554
2.204043 3036.53 0.6011294
2.207326 3325.125 0.006943965
2.210289 2050.683 0.682195
2.210545 1767.134 0.4488575
2.212454 954.0665 0.373095
2.212634 2038.153 0.1694715
2.213383 642.8367 0.9616871
2.219001 6670.148 0.9129464
2.219662 5803.129 0.1182324
2.221137 1602.935 0.5280316
2.224662 836.6363 0.7438863
2.230378 2869.391 0.644859
2.233749 1792.895 0.5573016
2.237083 7567.562 0.1817883
2.239032 642.8367 0.9717266
2.240133 1529.905 0.4630949
2.242163 7784.422 0.7644978
2.245041 1584.173 0.4545981
2.246645 1934.96 0.7358255
2.247501 1346.425 0.3400475
2.249406 2072.878 0.4370983
2.249567 2363.154 0.3847598
2.249872 642.8367 0.9794699
2.25168 4879.442 0.3579256
2.253893 3516.574 0.744328
2.254618 1774.68 0.09320353
2.254982 1247.692 0.7298888
2.259302 1409.291 0.9342636
2.260361 642.8367 0.9287622
2.26173 6040.113 0.4685259
2.263068 1653.168 0.2637389
2.274174 860.5677 0.3240198
2.281006 5293.427 0.9882942
2.281171 612.7788 0.5043356
2.284008 642.8367 0.9505853
2.288153 1413.503 0.6194956
2.288758 1603.034 0.5671438
2.289551 642.8367 0.9434764
2.289719 1289.149 0.7860383
2.291694 3295.642 7.12283e-05
2.293085 2330.59 0.2540213
2.295326 8157.198 0.9949062
2.296184 786.1999 0.4809421
2.296721 3808.674 0.9048377
2.301276 4458.664 0.09430834
2.304158 8983.198 0.1719941
2.30434 6824.46 0.0695424
2.304433 2135.111 0.3107268
2.305122 7502.104 0.3694119
2.305766 2405.609 0.1442189
2.307887 777.2179 0.6683427
2.308389 1574.347 0.5728115
2.309118 6013.527 0.882845
2.315128 4784.01 0.2863043
2.317509 8983.198 0.120859
2.318914 3892.552 0.1069047
2.320953 1760.742 0.4012156
2.321729 8983.198 0.07412765
2.32888 8983.198 0.05205702
2.331043 8983.198 0.01775258
2.334066 8983.198 0.01662153
2.337013 9990.415 7.12283e-05
2.34146 1944.263 0.308441
2.341596 5658.611 0.6304443
2.342687 6443.143 0.815161
2.345697 8275.046 0.8734582
2.346213 2325.22 0.5921345
2.35093 1746.335 0.4965234
2.355477 9133.375 0.9999927
2.362403 5578.749 0.9735471
2.370181 6799.73 0.453054
2.37257 820.877 0.8500792
2.380089 3111.438 0.4749246
2.387694 910.4612 0.8341679
2.388017 3955.895 0.03315768
2.393478 3573.784 0.1159479
2.395953 8983.98 0.02954431
2.398137 6715.539 0.8580084
2.399201 2947.899 0.1192463
2.401325 3464.92 0.1661101
2.402719 2060.906 0.6055023
2.408343 2559.323 0.2465662
2.410045 2132.56 0.3559732
2.417626 4999.502 0.9639234
2.419013 1834.327 0.7358003
2.41908 8346.391 0.3551811
2.420011 2728.165 0.6687548
2.423214 4380.285 0.08779202
2.431572 2613.445 0.6358444
2.434565 8574.56 0.940644
2.439829 4463.068 0.7555183
2.445404 8314.287 0.3687096
2.469564 5702.294 0.9999927
2.47774 6107.789 0.9999927
2.479656 8325.202 0.9465064
2.480426 7031.296 0.2770672
2.481753 874.1002 0.6392782
2.484579 7409.045 0.8497915
2.485767 4666.267 0.410348
2.48926 1773.639 0.0274868
2.500513 8801.369 0.3068917
2.505399 6375.325 7.12283e-05
2.507266 7478.759 0.4802867
2.50868 7311.962 0.8413488
2.512901 8745.98 0.4981735
2.518357 4649.211 0.9999927
2.530814 1598.814 0.09568973
2.532643 2481.61 0.739716
2.538413 1606.07 0.09220074
2.542271 7995.587 0.64872
2.554824 3002.395 0.3841973
2.556148 5269.025 0.3323112
2.55903 7317.297 0.518236
2.560491 6270.452 0.2688377
2.566641 7305.288 0.9999927
2.580621 1412.196 0.4644769
2.580621 1425.787 0.7044282
2.580621 1426.352 0.3312493
2.580621 1671.028 0.4918244
2.580621 1674.841 0.2945248
2.580621 1900.786 0.2781763
2.581798 3519.444 0.7992324
2.582014 4641.877 7.12283e-05
2.585902 3002.481 0.06536501
2.590678 2071.992 0.4697452
2.590764 3136.313 0.5622072
2.594133 5720.563 0.858468
2.5984 8021.718 0.3522189
2.604298 2585.859 0.2725494
2.604965 5323.689 0.2422043
2.615802 2206.366 0.2769891
2.626462 1006.767 0.7485457
2.626527 6254.576 7.12283e-05
2.62771 972.1115 0.7073815
2.630454 3553.595 0.08625847
2.650098 7210.495 0.6444481
2.650415 6224.053 0.335867
2.654502 7295.932 0.7855555
2.656829 7894.599 0.9999927
2.667485 4400.764 0.04712033
2.670214 5209.007 7.12283e-05
2.679083 2599.761 0.8815527
2.682246 7422.325 0.8451444
2.685724 2072.683 7.12283e-05
2.686408 3484.272 0.01762894
2.688736 3863.506 0.7970738
2.68929 7061.184 0.9624507
2.70202 3819.398 0.3984693
2.707492 5610.624 0.08771579
2.714534 4768.715 0.4177879
2.721497 3729.042 0.3097559
2.721712 5574.262 0.5843961
2.726291 1815.249 7.12283e-05
2.733293 4353.05 0.0755873
2.753232 5767.733 0.3046092
2.774762 1384.697 7.12283e-05
2.806128 1966.773 0.5807076
2.819714 2222.286 0.6739965
2.832899 2138.389 0.5606988
# initCovFnParam= 1.48300995469129 1186.90215456754 1.53144909428927 4
