## Fri Feb 25 10:19:17 2022; Sample: 1; # of loci: 11; NrunsPerPoint=30;
## pointmin=1  pointmax=100 out of PointNumber=100
1.990152 5270.738 0.6343482 135.07176 159.82385 67.330772 265.2196 298.30127 178.01109 136.62804 115.40936 290.97513 213.98308 274.16205 2134.916 
2.030282 5715.668 0.5054989 135.26686 159.85909 67.664909 264.98401 297.9678 178.02745 136.76941 115.55442 290.65961 213.87514 273.91599 2134.5447 
2.040387 792.2971 0.9962748 135.80482 159.79533 67.853157 264.81461 296.78473 177.19443 136.49564 116.33763 290.24802 214.90126 273.61154 2133.8411 
2.069178 3129.752 0.2838962 135.50571 159.75002 67.929512 264.81577 297.16934 177.60414 136.72736 115.76066 290.14691 213.98862 273.55264 2132.9504 
2.10043 662.7751 0.9528636 136.23993 159.88435 68.41983 264.42758 296.01514 177.15253 136.71719 116.76328 289.89172 215.10535 273.34583 2133.9629 
2.110539 889.485 0.9962748 136.10329 159.86861 68.444626 264.18069 296.24878 177.40929 136.73961 116.55182 289.84332 214.46782 273.13483 2132.9924 
2.118701 609.2746 0.9962748 136.35135 159.95743 68.556099 264.39954 295.83087 177.19392 136.7751 116.94426 289.81586 215.25323 273.38861 2134.4663 
2.127387 4393.348 0.5997343 135.74522 159.95308 68.49765 264.31656 297.11084 178.09338 137.09157 116.0535 289.88708 213.61476 273.20578 2133.5693 
2.132166 2291.057 0.7264323 135.8663 159.92239 68.55777 264.2323 296.60287 177.80377 136.96796 116.20814 289.66513 213.83012 273.05353 2132.7102 
2.133378 4391.606 0.5018503 135.78096 159.96477 68.542862 264.31006 297.01514 178.02866 137.12296 116.07035 289.85553 213.61862 273.15759 2133.4673 
2.133378 4391.606 0.5018503 135.78081 159.94116 68.542976 264.33835 297.02063 178.05159 137.11751 116.04538 289.80743 213.63921 273.17358 2133.4587 
2.139787 532.5642 0.9962748 136.5798 160.09787 68.811844 264.38293 295.66891 177.15173 136.84805 117.18256 289.80948 215.37923 273.31061 2135.2231 
2.140648 1226.134 0.9510893 136.03297 159.92477 68.681152 263.96402 296.1441 177.58597 136.89896 116.51665 289.5166 214.12132 272.94345 2132.3298 
2.14797 3321.835 0.670682 135.88042 159.95866 68.689156 264.15271 296.73132 178.02716 137.14513 116.20327 289.65497 213.63309 272.9841 2133.0601 
2.148035 3221.197 0.6001061 135.87431 159.94618 68.683357 264.15274 296.79459 177.95522 137.12415 116.18777 289.63406 213.64656 273.03342 2133.0322 
2.157737 915.5396 0.9852806 136.32135 160.01143 68.855263 263.89157 295.89987 177.48485 136.91473 116.82168 289.38052 214.36763 272.69217 2132.6411 
2.15962 3374.161 0.6399684 135.9357 159.96609 68.776299 264.11972 296.67349 178.03893 137.16882 116.24001 289.57953 213.60713 272.9375 2133.0432 
2.161675 4657.898 0.5739626 135.91492 160.0016 68.786667 264.13184 296.8161 178.17262 137.23444 116.21224 289.6712 213.50856 272.99826 2133.4485 
2.163462 1922.179 0.7821465 136.06982 159.98566 68.834007 263.97772 296.27042 177.8132 137.09729 116.44528 289.4386 213.79503 272.80606 2132.5332 
2.166948 2221.65 0.8102135 136.03171 159.9381 68.865044 263.96481 296.41446 177.90453 137.13577 116.39526 289.4158 213.68304 272.74231 2132.4907 
2.167172 4094.549 0.5894725 135.94681 160.00967 68.831436 264.09613 296.74066 178.11697 137.23462 116.25272 289.62985 213.48967 272.93515 2133.2837 
2.167172 4094.549 0.5894725 135.95665 159.98889 68.837555 264.08301 296.74121 178.10329 137.23511 116.2453 289.56845 213.50404 272.90469 2133.1682 
2.168595 761.8907 0.9903143 136.50342 160.01326 68.971008 263.83762 295.70609 177.36417 136.98752 116.97349 289.42175 214.5945 272.78513 2133.158 
2.170334 3389.628 0.647116 136.00342 159.98875 68.875847 264.00317 296.58331 178.03641 137.24014 116.31519 289.54529 213.54726 272.83118 2132.97 
2.172304 1081.202 0.9768721 136.2534 159.9864 68.952744 263.82199 296.01526 177.63162 136.97333 116.73644 289.26135 214.11203 272.74176 2132.4863 
2.177798 3314.555 0.637384 136.02162 160.00446 68.941673 263.98788 296.54498 178.05635 137.27336 116.33865 289.45859 213.56071 272.802 2132.9902 
2.178483 1176.768 0.953999 136.25044 159.99068 68.973167 263.76514 295.82391 177.69153 137.08392 116.73428 289.29904 214.01819 272.58182 2132.2122 
2.178784 2876.196 0.7420495 136.03372 160.03934 68.957832 263.91443 296.44598 178.00298 137.23225 116.38902 289.44153 213.56042 272.7663 2132.7839 
2.179234 4401.887 0.5676442 136.00797 160.02316 68.937958 264.03998 296.69614 178.15056 137.29407 116.29229 289.52588 213.44095 272.8446 2133.2534 
2.179717 1286.977 0.9429682 136.23772 160.02429 68.995163 263.69937 295.91211 177.68045 137.01553 116.70383 289.26846 213.91824 272.65854 2132.1135 
2.184298 551.1786 0.9962748 136.78754 160.07323 69.193756 264.01532 295.35452 177.26865 137.0238 117.33278 289.58118 215.15778 272.86392 2134.6526 
2.18531 3033.663 0.5702835 136.07246 159.98991 69.006577 263.94119 296.39807 177.94228 137.22687 116.37721 289.39777 213.58795 272.76236 2132.7026 
2.18531 3033.663 0.5702835 136.08386 159.99081 68.996216 263.94287 296.4259 177.98633 137.25159 116.37003 289.38303 213.5688 272.741 2132.7405 
2.192169 4542.028 0.5356244 136.06822 160.04568 69.060738 263.97058 296.61252 178.19202 137.34831 116.34584 289.45328 213.43393 272.83072 2133.3618 
2.195205 4088.088 0.4485324 136.10701 160.02844 69.066704 263.98328 296.53195 178.05235 137.32664 116.35167 289.38092 213.47729 272.79858 2133.105 
2.196295 2145.453 0.8529417 136.1918 160.01248 69.123634 263.7457 296.17615 178.0208 137.23024 116.56075 289.22247 213.61765 272.60434 2132.5059 
2.19863 3159.24 0.5693908 136.14221 160.01097 69.098366 263.89435 296.34549 178.03125 137.30461 116.43412 289.28763 213.48514 272.67358 2132.7075 
2.199067 2766.538 0.7141787 136.15578 159.98265 69.135086 263.83359 296.33356 178.02898 137.29184 116.5001 289.24994 213.55534 272.62445 2132.6912 
2.202441 1931.213 0.7465535 136.24651 160.02937 69.176804 263.7226 296.00961 177.84612 137.2056 116.61082 289.15063 213.70177 272.54739 2132.2473 
2.203792 3491.136 0.9334553 136.13828 160.09305 69.175888 263.81171 296.47174 178.25684 137.39879 116.48398 289.35687 213.39027 272.73306 2133.3105 
2.208111 1068.107 0.9261569 136.43144 160.08458 69.270126 263.57333 295.61514 177.60703 137.17358 116.90456 289.12943 214.07274 272.43613 2132.2981 
2.208379 3057.157 0.6501081 136.20853 160.02312 69.205582 263.75293 296.25565 178.06641 137.34796 116.49342 289.24341 213.5257 272.63611 2132.7588 
2.223353 3090.014 0.9018228 136.2746 160.11238 69.341354 263.69971 296.2883 178.24518 137.45627 116.61147 289.18311 213.37999 272.54062 2133.1328 
2.223353 3090.014 0.9018228 136.261 160.11333 69.341415 263.67291 296.31412 178.23428 137.45105 116.60571 289.18915 213.3674 272.51602 2133.0664 
2.225476 2677.932 0.9844614 136.30072 160.14395 69.369827 263.61517 296.20648 178.22292 137.43867 116.65632 289.16379 213.39732 272.49463 2133.01 
2.226642 3521.87 0.7454091 136.27771 160.11804 69.355141 263.69992 296.29083 178.24469 137.47653 116.58973 289.17224 213.3376 272.53937 2133.1018 
2.22926 2046.756 0.8292174 136.36894 160.04565 69.388687 263.57986 295.8808 178.01172 137.3764 116.7282 288.98373 213.50623 272.40753 2132.2778 
2.231526 648.511 0.974903 136.92221 160.20129 69.522293 263.73474 295.03598 177.37045 137.14656 117.36919 289.05984 214.7265 272.5444 2133.6335 
2.232526 3177.197 0.6189005 136.31082 160.09767 69.403801 263.69196 296.10022 178.13985 137.45004 116.60218 289.10059 213.4167 272.48978 2132.8037 
2.234927 2228.159 0.891351 136.36505 160.0871 69.450363 263.53925 295.95636 178.07599 137.40784 116.75542 289.04462 213.48135 272.41452 2132.5776 
2.237008 4398.662 0.5356132 136.29843 160.12431 69.429451 263.75534 296.23724 178.23181 137.54523 116.58665 289.13077 213.33063 272.52393 2133.1938 
2.256737 648.511 0.9772055 136.97746 160.11955 69.733963 263.54678 294.92911 177.44356 137.26337 117.52161 288.79208 214.62418 272.28494 2133.2368 
2.258199 3680.813 0.8522984 136.42432 160.18231 69.63707 263.52643 296.14459 178.35069 137.62025 116.74858 289.0134 213.23146 272.36359 2133.2427 
2.262714 648.511 0.9777089 137.07762 160.25925 69.797913 263.49576 294.80328 177.50064 137.31772 117.55334 288.94904 214.6147 272.49442 2133.8638 
2.262714 648.511 0.9777089 137.08298 160.21143 69.775406 263.64304 294.88309 177.48596 137.29477 117.5396 288.89581 214.65819 272.33975 2133.8101 
2.263598 4322.346 0.7030355 136.43201 160.17436 69.671417 263.54932 296.19272 178.38051 137.66225 116.73127 288.98947 213.2393 272.3981 2133.4209 
2.264664 648.511 0.9775746 137.06502 160.19102 69.802368 263.54657 295.06308 177.38069 137.31517 117.55811 288.79636 214.6586 272.4884 2133.8655 
2.271514 3172.155 0.5707709 136.51082 160.16154 69.717422 263.46234 295.85028 178.18523 137.61394 116.80324 288.84097 213.34361 272.30551 2132.7947 
2.274548 648.511 0.9798017 137.08549 160.24475 69.884605 263.48959 294.98044 177.45674 137.33829 117.5815 288.71936 214.56833 272.39679 2133.7461 
2.27537 1761.18 0.7342986 136.63748 160.13516 69.79998 263.38278 295.43304 177.91634 137.49251 116.9748 288.69833 213.63423 272.16931 2132.2742 
2.275982 2911.698 0.8269789 136.54776 160.18912 69.793617 263.38977 295.84644 178.27481 137.62543 116.88062 288.79083 213.31531 272.24683 2132.9004 
2.281974 3102.585 0.7476995 136.57056 160.20288 69.833092 263.39111 295.83148 178.27554 137.67683 116.89728 288.82443 213.28032 272.13651 2132.9202 
2.282553 648.511 0.9809939 137.15565 160.22157 69.984299 263.38882 294.78482 177.53778 137.36932 117.64484 288.70432 214.60599 272.14252 2133.54 
2.289363 4217.776 0.4593971 136.58162 160.20865 69.870277 263.47705 295.90787 178.2561 137.72328 116.82945 288.79651 213.24873 272.26453 2133.1641 
2.298311 2263.391 0.8346252 136.69307 160.20862 69.983505 263.24884 295.54724 178.17374 137.68933 117.07359 288.63062 213.38527 272.01401 2132.6477 
2.298311 2263.391 0.8346252 136.69128 160.22015 69.974747 263.22397 295.4968 178.185 137.686 117.03644 288.60242 213.37872 272.02768 2132.5232 
2.300628 3848.596 0.3612726 136.65459 160.20187 69.943893 263.42426 295.71017 178.20171 137.73669 116.86636 288.66885 213.25972 272.15637 2132.8245 
2.302219 3756.391 0.5015879 136.65863 160.22499 69.989624 263.38016 295.73291 178.25989 137.77307 116.90948 288.67337 213.26021 272.12991 2132.9922 
2.316211 1490.654 0.873581 136.91762 160.20923 70.15741 263.04187 295.09937 178.02188 137.63794 117.25651 288.42224 213.56175 271.76105 2132.0869 
2.318328 2050.197 0.9300128 136.83743 160.21494 70.161339 263.08292 295.36649 178.24748 137.7303 117.17983 288.52383 213.28212 271.90961 2132.5361 
2.320275 3166.626 0.7696699 136.76082 160.26677 70.161728 263.189 295.65289 178.38995 137.83234 117.06121 288.56339 213.20755 271.99066 2133.0762 
2.320408 2020.42 0.9148091 136.83553 160.28757 70.179718 263.07886 295.38837 178.2067 137.76402 117.21049 288.49164 213.32047 271.87982 2132.6431 
2.322408 1904.056 0.9477358 136.84865 160.28571 70.217194 263.06915 295.31223 178.19817 137.76161 117.2479 288.42487 213.3273 271.91815 2132.6108 
2.324736 3589.39 0.5024759 136.79224 160.25264 70.165283 263.26324 295.58322 178.29474 137.85844 117.01569 288.57654 213.16945 271.99673 2132.9683 
2.334091 1975.215 0.9399741 136.89415 160.3208 70.307022 263.02539 295.22897 178.28001 137.82652 117.25966 288.40903 213.31488 271.86487 2132.7314 
2.338498 3417.08 0.4453602 136.87431 160.24986 70.274025 263.22635 295.39883 178.25768 137.87672 117.08321 288.46152 213.2426 271.96204 2132.9072 
2.338498 3417.08 0.4453602 136.87807 160.2659 70.279907 263.21826 295.47968 178.25504 137.91116 117.08769 288.45343 213.18411 271.95227 2132.9653 
2.345203 1612.928 0.9544155 137.034 160.3279 70.405357 262.98407 295.0676 178.13412 137.86803 117.41225 288.2334 213.37329 271.75626 2132.5964 
2.347853 1403.697 0.8027728 137.0732 160.28273 70.41124 262.93893 294.8129 177.97237 137.77815 117.46073 288.20181 213.60912 271.69528 2132.2363 
2.351617 3352.005 0.7267286 136.92249 160.33742 70.41407 263.05133 295.46017 178.43044 137.9798 117.20882 288.43106 213.09457 271.84885 2133.179 
2.355373 1570.325 0.8894407 137.10681 160.31598 70.496307 262.97537 294.8775 178.11916 137.85223 117.46445 288.14984 213.41315 271.67426 2132.4451 
2.362188 2146.225 0.9525003 137.05139 160.37946 70.539398 262.87619 295.19061 178.38132 137.98897 117.38783 288.19641 213.19878 271.70798 2132.8982 
2.363161 1412.488 0.8825797 137.1655 160.28452 70.557159 262.85965 294.72061 178.0842 137.87268 117.5449 288.16028 213.54495 271.61078 2132.4053 
2.364804 2204.592 0.7047366 137.06891 160.32855 70.547012 262.922 295.00867 178.22961 137.94406 117.36738 288.17603 213.29483 271.66861 2132.5557 
2.365797 2016.748 0.7433509 137.08694 160.27881 70.551346 262.92334 295.04645 178.17323 137.92578 117.41775 288.1839 213.36165 271.63425 2132.5835 
2.366484 2690.519 0.7550551 137.05208 160.34154 70.546043 262.94293 295.21356 178.36664 138.02132 117.32311 288.30069 213.1604 271.71863 2132.9868 
2.369468 3093.855 0.7132148 137.05171 160.3848 70.567085 262.93048 295.29663 178.43428 138.02026 117.30923 288.33173 213.11005 271.73517 2133.1714 
2.369468 3093.855 0.7132148 137.05821 160.38263 70.577354 263.00992 295.27774 178.42377 138.04254 117.32285 288.24606 213.11121 271.75092 2133.2034 
2.371743 3056.041 0.7305735 137.06158 160.35284 70.606354 262.92676 295.23553 178.46324 138.0428 117.32272 288.24622 213.12027 271.71616 2133.0945 
2.391718 1281.865 0.876162 137.35365 160.38556 70.805206 262.72748 294.50067 178.09917 137.93774 117.6991 287.95004 213.60542 271.45853 2132.5227 
2.395743 3137.429 0.5343686 137.18628 160.36905 70.779671 262.86554 295.09296 178.39311 138.15245 117.39561 288.11386 213.1425 271.58551 2133.0767 
2.39818 2671.843 0.7338088 137.20126 160.41411 70.816902 262.81155 295.05673 178.41866 138.14725 117.48926 288.11002 213.09853 271.61279 2133.177 
2.417561 1092.365 0.9300686 137.56317 160.40363 71.048775 262.54541 294.21609 177.99706 138.05785 117.97085 287.81146 213.59729 271.29254 2132.5042 
2.42634 2205.09 0.8752837 137.42332 160.48039 71.077431 262.64108 294.79227 178.48076 138.21986 117.71036 287.85385 213.13145 271.38113 2133.1919 
2.431936 2896.388 0.6454083 137.40073 160.48529 71.095818 262.6622 294.86374 178.48112 138.28014 117.65505 287.90997 213.02715 271.46054 2133.3215 
2.433533 2754.865 0.6542074 137.39868 160.46796 71.121353 262.68475 294.78955 178.50323 138.28871 117.64641 287.92053 213.07098 271.41046 2133.3025 
2.441948 2199.18 0.7880215 137.48735 160.54301 71.211487 262.51437 294.71085 178.45084 138.27121 117.77968 287.76147 213.11682 271.33078 2133.1777 
2.445887 1920.03 0.8171524 137.53677 160.49913 71.243385 262.49628 294.56448 178.41574 138.26866 117.83421 287.78003 213.16486 271.23285 2133.0364 
2.445887 1920.03 0.8171524 137.53668 160.54399 71.246254 262.51727 294.59055 178.38753 138.30118 117.8589 287.77505 213.17557 271.25735 2133.1904 
2.450029 1611.588 0.8594272 137.60724 160.53783 71.297523 262.40012 294.27078 178.36096 138.27353 117.89902 287.70956 213.23453 271.23721 2132.8284 
2.45696 2655.958 0.6345666 137.54587 160.51572 71.315544 262.57816 294.68903 178.49991 138.3929 117.77979 287.78955 213.12665 271.34122 2133.5745 
2.472072 1184.906 0.9040346 137.83743 160.58353 71.498299 262.35062 293.97736 178.24249 138.2847 118.1807 287.45163 213.50037 271.05426 2132.9614 
2.558308 5230.98 0.1458756 138.05132 160.79213 72.066849 262.34802 294.45847 178.78557 138.90047 118.057 287.39749 212.769 271.07159 2134.698 
2.563604 1841.419 0.8054263 138.23247 160.78946 72.230827 262.03857 293.91034 178.62511 138.78703 118.46948 287.14825 213.02286 270.72064 2133.9749 
2.563604 1841.445 0.8053601 138.20988 160.8078 72.237259 262.07123 293.92221 178.69429 138.78804 118.48083 287.15448 213.06752 270.72873 2134.1624 
2.563604 1841.741 0.8052233 138.19612 160.78514 72.247391 262.03549 293.94113 178.64825 138.85149 118.46487 287.17303 212.99586 270.71741 2134.0562 
2.563604 1842.151 0.8052792 138.22423 160.75934 72.230232 262.01596 293.858 178.70496 138.82971 118.48669 287.12582 213.02521 270.70621 2133.9666 
2.563604 1842.307 0.8053156 138.20122 160.81198 72.24015 262.07983 293.87231 178.65544 138.80997 118.48194 287.10526 213.00084 270.75919 2134.0181 
2.563604 1844.433 0.8046801 138.21062 160.79387 72.241089 262.02753 293.90112 178.68558 138.8071 118.46019 287.19485 213.02434 270.79755 2134.1438 
2.563604 1844.433 0.8046801 138.19119 160.80038 72.237785 262.01541 293.85159 178.69308 138.83372 118.47457 287.14331 213.03488 270.79852 2134.0745 
