0.8783812 1589.207 0.8403394
0.9125993 846.168 0.9595447
0.9140955 2502.477 0.8407343
0.9158264 1443.572 0.3244431
0.9187601 1470.003 0.9722462
0.9230459 3172.646 0.277279
0.9233875 3102.16 0.9524308
0.9255152 1317.318 0.9288194
0.9401376 1925.962 0.7168973
0.9453653 484.1685 0.9681759
0.9485654 719.6474 0.9663043
0.9504011 1681.029 0.7401038
0.9515587 5679.949 0.8078111
0.9522074 2987.958 0.07535523
0.9562692 2547.576 0.7055005
0.9584584 2150.196 0.5304366
0.9607361 3932.065 0.9221101
0.9629766 2500.722 0.3771097
0.965315 2223.606 0.6919382
0.9664107 1719.234 0.5910818
0.9700112 3487.322 0.8711169
0.9716329 3795.674 0.7561362
0.9724722 1324.983 0.9661063
0.9745504 2552.96 0.4647735
0.9763016 2817.526 0.780717
0.977749 931.7124 0.9193552
0.9791235 2850.858 0.8912374
0.9856765 1310.582 0.8663065
0.9870926 4148.296 0.9608791
0.993456 3304.132 0.8798723
0.9951117 2437.555 0.9702823
0.9957169 3488.82 0.07535523
0.9964592 867.2432 0.9052656
0.9983324 2012.656 0.9402514
0.9989123 1342.29 0.9320643
0.9998124 3183.629 0.8341678
1.002882 864.5116 0.9469838
1.007662 3175.494 0.9454538
1.009101 831.6434 0.6100798
1.01088 1843.937 0.945895
1.011043 2733.072 0.4083449
1.011519 4888.674 0.6219356
1.012373 499.1613 0.9406419
1.016419 2341.274 0.4693517
1.021905 3183.996 0.878378
1.02268 4123.051 0.9860957
1.024558 2406.361 0.8848223
1.028677 2530.293 0.7390317
1.031439 4440.95 0.7346908
1.032458 3213.102 0.9269805
1.03425 1535.953 0.9418068
1.03492 3266.537 0.7748538
1.035896 1759.8 0.8292878
1.048234 4563.341 0.9440724
1.051413 1573.945 0.7022116
1.052877 3978.727 0.9577046
1.053502 1944.948 0.9680332
1.05604 2098.248 0.9356453
1.056437 891.0002 0.661494
1.057249 3073.728 0.3473084
1.0594 1360.679 0.6212416
1.059863 1927.455 0.7789326
1.063508 1761.286 0.8543163
1.067511 2495.106 0.6733445
1.067878 1040.02 0.9383293
1.071388 915.5868 0.8797766
1.072327 4426.926 0.955782
1.073023 2900.303 0.9375527
1.073794 4175.135 0.4993931
1.073972 3895.701 0.8626084
1.074109 3613.653 0.9323704
1.07578 3617.084 0.4528571
1.076173 3908.529 0.7432846
1.076905 3359.455 0.9779416
1.078009 1180.229 0.9395718
1.080919 1735.399 0.8949254
1.09075 3614.357 0.8471161
1.091637 5194.799 0.7981347
1.093783 700.8543 0.883993
1.094113 3294.864 0.7189999
1.094218 1558.4 0.8679171
1.096507 3771.563 0.9427313
1.101683 789.7298 0.9757117
1.101766 3360.836 0.9566566
1.102994 4452.374 0.9098858
1.103724 1118.492 0.9561973
1.103806 1825.583 0.8770325
1.107301 3413.125 0.7946484
1.107654 2410.841 0.9523029
1.108858 4990.44 0.5639907
1.109276 5431.861 0.07535523
1.112038 4087.973 0.9640568
1.113239 1878.628 0.8534142
1.114107 4518.838 0.9310403
1.114614 4150.236 0.8651319
1.117318 3150.339 0.8357154
1.117732 1190.268 0.9242138
1.118186 2241.225 0.9205907
1.12049 838.1746 0.9627843
1.12373 2334.624 0.7631564
1.125638 2055.021 0.9573292
1.125772 984.9842 0.9788546
1.127857 566.4487 0.9551173
1.128119 2560.328 0.9348164
1.129569 3912.097 0.4344295
1.130239 5205.711 0.8413392
1.131673 1494.323 0.9406533
1.132566 1080.331 0.9769278
1.133376 723.8487 0.8232709
1.133415 5375.5 0.6838485
1.134107 630.0683 0.9193433
1.134579 4445.485 0.4222042
1.136325 4196.773 0.9571253
1.137472 1272.193 0.9742179
1.138209 3539.844 0.5695487
1.138809 1436.919 0.9219262
1.139471 2689.322 0.8584996
1.140309 5343.365 0.4838383
1.141935 1930.678 0.8122764
1.143919 2246.702 0.8778967
1.144403 582.7975 0.9376429
1.144896 2141.31 0.9567702
1.144993 4448.779 0.8720986
1.14589 3031.077 0.9504484
1.147125 3868.719 0.9711313
1.148565 959.1741 0.9734758
1.149821 1319.977 0.9647012
1.150355 2724.698 0.9578152
1.151579 4433.305 0.7712831
1.151596 4248.877 0.9515784
1.152298 3792.846 0.8547827
1.153394 5189.391 0.8456387
1.15614 712.7779 0.9113352
1.156334 1240.362 0.9777188
1.158942 690.978 0.9742898
1.16099 5287.124 0.8082851
1.161638 1129.578 0.9450375
1.162714 1102.501 0.8658944
1.163883 700.5669 0.9320349
1.164393 2127.127 0.7864037
1.164425 5166.719 0.8179951
1.165056 3437.336 0.9799681
1.165237 2563.839 0.9744244
1.16843 2979.697 0.7626799
1.168434 5220.589 0.8000967
1.170018 4221.535 0.2190477
1.171788 5312.529 0.8504538
1.173014 614.4653 0.8982262
1.173082 2547.306 0.9785335
1.173616 3067.353 0.9357023
1.173913 896.5002 0.9790631
1.175548 3658.548 0.6252879
1.177717 2119.431 0.6648426
1.178761 1146.668 0.8239271
1.179426 5114.361 0.891274
1.179939 3214.622 0.9784191
1.181063 3140.51 0.5252686
1.181321 5279.536 0.8648773
1.18304 876.8884 0.9670192
1.184102 1566.177 0.9496782
1.185146 5336.171 0.8444306
1.187379 4147.272 0.07535523
1.190897 2591.498 0.9002452
1.19356 792.5327 0.9479749
1.193995 1584.333 0.9417486
1.197061 4052.381 0.8434455
1.201332 3024.889 0.8991639
1.203002 3191.232 0.8988736
1.20331 4421.731 0.8631554
1.205349 3670.877 0.9716848
1.205629 5292.886 0.7291001
1.206168 4454.112 0.9646728
1.209653 782.0439 0.9609199
1.209997 5395.628 0.6010544
1.210872 992.3789 0.9798986
1.213964 3569.131 0.9354888
1.214765 1029.914 0.9725392
1.216217 4833.798 0.6611477
1.217922 2487.717 0.8215318
1.218249 3485.865 0.9669634
1.22661 1017.913 0.9703028
1.226675 5265.934 0.675106
1.231729 5392.988 0.830321
1.23298 1447.962 0.9790099
1.235632 5195.794 0.8835265
1.237018 5423.718 0.6663619
1.237409 5431.168 0.7366602
1.239671 1050.368 0.9729374
1.241782 1490.757 0.9680179
1.243641 4242.735 0.6777995
1.244495 4657.912 0.9002514
1.24719 1425.612 0.9720401
1.249392 2961.494 0.9569581
1.251312 1956.007 0.8716065
1.253037 3314.387 0.5342304
1.253815 2487.823 0.8228023
1.257294 1023.523 0.9731351
1.257573 2685.431 0.9794429
1.260542 1052.873 0.9687036
1.26387 2532.996 0.6313452
1.267451 2577.751 0.8517854
1.268621 1558.075 0.9776822
1.272323 2873.094 0.9679004
1.272505 3296.628 0.769379
1.27428 5176.784 0.7230953
1.275399 4314.401 0.9598843
1.276901 3708.101 0.8280863
1.277736 3975.426 0.9463386
1.278734 4295.19 0.1110194
1.279416 5151.066 0.8637226
1.29106 2675.941 0.7340729
1.291149 2132.119 0.9120652
1.292448 3359.227 0.9726337
1.294522 4922.611 0.7094174
1.298541 3281.629 0.8094817
1.301239 2811.24 0.9687202
1.302779 4724.047 0.3510853
1.30615 4721.344 0.3628477
1.306341 3966.105 0.770314
1.306894 2548.849 0.9004882
1.30721 1709.495 0.9535715
1.317797 3126.128 0.826113
1.318249 3134.139 0.8142635
1.319942 4039.776 0.6127261
1.32282 5029.002 0.9521764
1.325382 4512.719 0.9652249
1.326563 4660.3 0.9679361
1.327122 4499.592 0.9795634
1.338079 3444.94 0.9607666
1.34025 4889.976 0.07535523
1.343945 999.5604 0.9029926
1.347073 1825.905 0.9636999
1.3563 1412.588 0.9726992
1.356557 4304.04 0.9447943
1.356656 4415.307 0.5460985
1.360464 2205.477 0.8854618
1.36257 5393.029 0.530706
1.36391 1496.469 0.9628144
1.365389 2116.484 0.9571381
1.36626 1066.016 0.9713891
1.374649 4398.947 0.6009192
1.384529 3644.725 0.5829241
1.388224 2632.947 0.9263292
1.388913 5198.873 0.07535523
1.392822 2909.461 0.9345362
1.405663 4582.912 0.07535523
1.426083 1770.532 0.7295941
1.435913 1763.953 0.980477
1.459799 1817.7 0.9664595
1.464396 2154.724 0.7563549
# initCovFnParam= 0.651255480035929 630.954957612558 9.21101921092639 4
