0.8527218 917.7565 0.9677794
0.8621151 1609.803 0.9573686
0.8937192 715.8667 0.9647578
0.8966894 3430.061 0.9084752
0.9054891 1085.238 0.8420429
0.905719 1223.1 0.9453301
0.9115084 702.8426 0.9646544
0.9197403 744.7039 0.9695935
0.9307287 4083.073 0.8442379
0.931503 3811.44 0.7959835
0.9364583 2262.069 0.7932711
0.9374575 2989.897 0.8687974
0.9421268 2824.987 0.8965981
0.9430398 2362.529 0.8440827
0.9453503 805.1611 0.8434717
0.9465128 924.8983 0.9773643
0.9491735 918.2771 0.8532531
0.9492914 990.2142 0.9684485
0.9506771 1311.04 0.7428993
0.96167 1657.752 0.9116777
0.9625449 1208.924 0.9228329
0.967175 2708.515 0.5635047
0.9725286 993.8935 0.96035
0.9733181 4384.224 0.8139911
0.9733235 2743.894 0.6728765
0.9742436 1388.615 0.9203754
0.9746878 2864.384 0.8476312
0.9749624 4348.243 0.5320275
0.9799169 4514.812 0.7286171
0.980608 3398.393 0.5074288
0.9813667 2486.927 0.7249542
0.9846185 1919.363 0.9181771
0.9873145 3458.451 0.895841
0.9921732 3934.663 0.8663295
0.9938381 1260.595 0.9680885
0.9950861 3469.134 0.8819395
0.9951873 905.9378 0.6442062
0.9975247 1888.834 0.6149713
0.9983495 952.7954 0.9579786
0.9997672 4767.789 0.6395748
1.001317 3128.745 0.5528021
1.005037 3514.85 0.3131161
1.005395 1067.205 0.9078012
1.006787 912.7817 0.8903737
1.009035 810.3297 0.7301369
1.012694 636.7371 0.9664868
1.01577 4838.04 0.3211161
1.017397 4480.574 0.64718
1.017445 1237.913 0.7934376
1.017821 2000.388 0.5258349
1.01928 3490.228 0.8845481
1.019792 2785.793 0.8998838
1.020922 2568.388 0.8057783
1.024528 4331.944 0.8939443
1.028629 4984.397 0.4263806
1.030979 3548.51 0.9123184
1.031375 726.4218 0.9715399
1.03146 3294.311 0.7738362
1.035764 4119.564 0.9803648
1.039383 1642.797 0.8836532
1.039816 508.7134 0.9760978
1.04714 3946.138 0.8773558
1.04745 474.5333 0.9697738
1.048554 2775.188 0.9438096
1.049619 4407.336 0.8527893
1.054444 4255.41 0.8202192
1.055098 3339.773 0.8853623
1.056984 3940.163 0.8807294
1.060782 4046.496 0.7570566
1.061693 2593.431 0.8381762
1.06188 3857.025 0.4866509
1.062901 5006.413 0.6155342
1.062955 2187.795 0.9587882
1.064826 2546.723 0.9466649
1.065126 2162.609 0.9563871
1.06638 4103.876 0.81575
1.069338 3681.055 0.5813419
1.072755 1993.762 0.7352792
1.076637 2027.048 0.7835902
1.077014 1077.003 0.9511272
1.078909 3372.249 0.7950513
1.080681 3879.177 0.6979143
1.080853 4223.155 0.5566238
1.082565 4280.13 0.6462258
1.086585 940.6517 0.9542694
1.086798 4218.67 0.9033907
1.087007 531.1229 0.9443524
1.091398 2187.186 0.9066018
1.092272 1313.182 0.9282222
1.094224 2218.184 0.9578952
1.095457 1192.471 0.8927324
1.095469 1130.931 0.9544118
1.096777 1416.931 0.9133259
1.097502 1083.156 0.9450622
1.10154 1184.969 0.9560332
1.103714 4576.625 0.7994482
1.106565 1191.32 0.9600641
1.108665 664.2544 0.9683278
1.110083 922.0199 0.9372173
1.111879 1878.405 0.8435074
1.116793 2137.505 0.9463631
1.117738 1305.013 0.897186
1.119727 4937.835 0.5367584
1.11984 750.698 0.9166514
1.121549 880.7304 0.9606499
1.122987 1958.029 0.7221986
1.123812 1044.202 0.9555544
1.124699 4665.02 0.8951627
1.125046 1618.097 0.9615165
1.125386 2262.526 0.6151582
1.129467 3574.604 0.9455146
1.130545 3864.074 0.2476215
1.132603 2900.283 0.6362654
1.133542 2355.098 0.9349333
1.134265 2278.064 0.8579584
1.134804 1096.854 0.9486694
1.13494 1060.837 0.954891
1.135345 1441.829 0.8850287
1.137736 1108.685 0.9213151
1.14021 1086.56 0.9267395
1.141924 1063.456 0.9426944
1.144768 1075.751 0.9568585
1.144819 3554.834 0.8250215
1.145355 1197.073 0.8504606
1.145578 1603.84 0.9472134
1.145689 3643.435 0.8532331
1.145825 1147.988 0.8894954
1.146263 1323.03 0.9521469
1.149251 567.8397 0.9083338
1.151006 1345.565 0.9545508
1.15507 1520.181 0.7902242
1.155473 1058.199 0.9563122
1.155832 977.394 0.9339837
1.158441 954.4373 0.9473066
1.161592 5020.685 0.4257178
1.161775 2049.987 0.788298
1.162152 1515.319 0.9567489
1.162603 1406.203 0.9182707
1.163749 912.5956 0.8721076
1.164884 2425.094 0.9136597
1.16492 1120.364 0.8963003
1.165849 969.287 0.9635655
1.166442 3591.887 0.7664119
1.167387 4826.984 0.8686504
1.167891 4367.656 0.9364602
1.168002 4392.712 0.8995971
1.168448 1099.356 0.9556205
1.172774 1362.478 0.9329445
1.173137 1099.17 0.8497365
1.179639 1051.251 0.9548694
1.180133 3587.424 0.9450417
1.182933 3080.441 0.6744651
1.182958 1035.079 0.9534751
1.183169 896.7591 0.9692179
1.183472 1197.633 0.9257534
1.185456 1065.376 0.9263939
1.187418 4377.05 0.9196911
1.187714 4287.72 0.5675894
1.189147 621.8085 0.9400269
1.191038 1390.485 0.8923783
1.192129 3957.387 0.6029063
1.193317 3393.958 0.8851994
1.193442 4214.172 0.8760169
1.193454 950.6467 0.876733
1.194847 3123.899 0.7966655
1.195323 4598.579 0.2209208
1.197579 954.8319 0.7567369
1.197955 4852.053 0.7614366
1.199182 3103.745 0.9285857
1.199318 646.4159 0.9391431
1.203478 3067.412 0.9015544
1.204234 2964.8 0.8985118
1.204418 2238.555 0.7418659
1.205186 2498.795 0.7375901
1.207483 3590.694 0.6040959
1.207616 3947.045 0.7875795
1.210441 493.5714 0.9595789
1.212418 1024.056 0.9556819
1.213621 2867.997 0.9187528
1.214189 4778.56 0.2946811
1.215062 3779.426 0.621869
1.215385 1968.108 0.9012508
1.215505 3940.738 0.8420776
1.22025 4194.953 0.8252037
1.221142 723.9149 0.9160569
1.221835 2509.278 0.9499203
1.224258 5581.515 0.8035098
1.230833 1915.072 0.8609205
1.235154 944.888 0.9803648
1.235864 3589.428 0.9437479
1.237041 4310.237 0.8647939
1.237946 2436.525 0.8624857
1.239368 3942.96 0.5505949
1.24241 5551.815 0.4728346
1.245317 1124.684 0.9212126
1.247134 3984.171 0.9113394
1.247731 3596.817 0.5481324
1.252117 863.1465 0.9691971
1.254824 4801.94 0.7268565
1.257714 4776.403 0.3007987
1.26251 833.3244 0.9157366
1.264254 2029.737 0.9404817
1.272852 1126.67 0.9803648
1.275492 3850.396 0.9455074
1.276162 1138.953 0.9031415
1.283271 4436.366 0.5829205
1.285229 4533.242 0.5705881
1.290141 3647.08 0.8817802
1.294635 3194.305 0.9367942
1.296796 2588.962 0.699806
1.303672 2400.283 0.8541775
1.303912 2750.284 0.9637374
1.304164 2777.023 0.9234169
1.304751 3981.643 0.8920905
1.305478 4295.822 0.9316629
1.310114 3577.412 0.8538836
1.312506 1874.848 0.9279453
1.314301 3632.082 0.9280256
1.317327 1439.352 0.8590735
1.318549 1235.856 0.9803648
1.31967 4389.661 0.9040435
1.324915 2497.032 0.9352925
1.325069 3963.512 0.9411571
1.326645 2271.019 0.8275937
1.328191 3651.295 0.898277
1.330666 2977.731 0.9412798
1.346545 1362.228 0.9439694
1.34809 4347.863 0.9015165
1.352593 3251.265 0.8860867
1.35638 3370.194 0.8110552
1.362832 2286.614 0.9803648
1.363406 3196.817 0.683395
1.370616 2983.084 0.9087047
1.377507 2409.26 0.8230905
1.38437 5077.463 0.1347153
1.385382 2177.552 0.7788556
1.386661 1298.397 0.9585833
1.391125 2702.304 0.9507976
1.391884 1401.029 0.972924
1.397247 2698.845 0.8597165
1.400343 1748.895 0.9292861
1.403329 1870.751 0.9457787
1.403489 3013.825 0.945024
1.405672 1634.875 0.966695
1.40688 1100.026 0.8796538
1.409665 1355.638 0.9596972
1.415008 5131.085 0.3019342
1.426086 2501.602 0.9478815
1.442123 1054.061 0.8655285
1.458324 2888.068 0.8877351
# initCovFnParam= 0.683086028546647 666.366240502579 4.61795338021639 4
