## Mon Feb 28 19:22:38 2022; Sample: 1; # of loci: 8; NrunsPerPoint=30;
## pointmin=1  pointmax=100 out of PointNumber=100
0.9965182 836.4959 0.6253763 281.56625 142.47513 570.8548 360.42221 321.21286 269.90421 569.39752 449.44983 2965.2827 
1.008723 2286.918 0.8010829 282.13171 142.52882 570.63196 360.67413 321.31238 269.85513 568.94305 448.11722 2964.1943 
1.015274 2196.158 0.770163 282.18124 142.63599 570.45551 360.64948 321.35568 269.86685 568.82739 448.14197 2964.1143 
1.02263 1964.966 0.7298016 282.23724 142.76213 570.22681 360.61954 321.37402 269.93115 568.67157 448.13858 2963.9612 
1.044409 1822.711 0.7389787 282.3905 143.1515 569.72162 360.54422 321.43918 270.06598 568.18127 447.95596 2963.4502 
1.045135 4755.18 0.9703331 282.74271 143.0526 570.12982 360.80676 321.64258 270.04053 568.45508 447.74133 2964.6113 
1.046757 4371.144 0.9595268 282.72556 143.10042 570.05786 360.79608 321.64285 270.04883 568.39508 447.72485 2964.4915 
1.054798 5069.893 0.969239 282.85547 143.21445 569.95209 360.80664 321.71497 270.08972 568.2981 447.67285 2964.6042 
1.062188 1965.435 0.7024504 282.62274 143.42146 569.41937 360.52606 321.56302 270.15024 567.92749 447.89902 2963.5293 
1.087687 4793.433 0.9284477 283.1893 143.79344 569.24976 360.76956 321.86588 270.30072 567.63721 447.43106 2964.2371 
1.087687 4793.433 0.9284477 283.18433 143.79231 569.27185 360.76334 321.86023 270.31015 567.65356 447.42233 2964.2583 
1.094885 2055.775 0.6725665 282.97174 143.94295 568.74768 360.56094 321.78683 270.31796 567.44061 447.58344 2963.3523 
1.098069 3816.255 0.9217227 283.24448 144.00435 568.97699 360.7196 321.88034 270.37701 567.39069 447.35202 2963.9456 
1.105551 1882.262 0.6385856 283.02921 144.10587 568.53656 360.47382 321.84073 270.38275 567.24475 447.63568 2963.2495 
1.111044 3986.305 0.8801621 283.40384 144.21454 568.73511 360.71201 321.94275 270.4527 567.13733 447.28384 2963.8821 
1.112701 4236.995 0.934965 283.4624 144.24474 568.75977 360.73511 321.99149 270.47098 567.15558 447.2438 2964.064 
1.113159 4633.821 0.9283102 283.46631 144.241 568.7984 360.7522 322.00079 270.47754 567.17035 447.25067 2964.1575 
1.123286 2324.569 0.7474247 283.36819 144.45416 568.30151 360.60095 321.90622 270.51392 566.84174 447.31891 2963.3057 
1.123675 5213.745 0.9470429 283.62347 144.41054 568.61597 360.77167 322.06912 270.5462 567.01587 447.18954 2964.2422 
1.130889 3961.462 0.9178785 283.65005 144.56764 568.36414 360.73782 322.08249 270.58429 566.82086 447.13852 2963.9458 
1.132982 4576.025 0.9405415 283.71671 144.58054 568.41656 360.75845 322.13187 270.60443 566.82733 447.10947 2964.1453 
1.132982 4576.025 0.9405415 283.69702 144.58334 568.38379 360.74536 322.13602 270.59518 566.83173 447.10825 2964.0806 
1.133329 3044.163 0.8472902 283.57474 144.63963 568.1875 360.65256 322.02853 270.60489 566.69617 447.16541 2963.5493 
1.135723 3054.677 0.8099897 283.60309 144.66272 568.18188 360.65167 322.02036 270.61453 566.61426 447.13718 2963.4858 
1.140445 3345.591 0.8051068 283.68948 144.72862 568.14496 360.68301 322.11578 270.63571 566.61481 447.13461 2963.7468 
1.140869 2803.696 0.8156763 283.63818 144.76207 568.04883 360.62167 322.07721 270.64664 566.5343 447.14362 2963.4724 
1.141795 2068.545 0.6661915 283.49008 144.74199 567.9776 360.55502 322.05481 270.67432 566.60223 447.32541 2963.4214 
1.143027 2772.25 0.7825964 283.66766 144.79808 567.99939 360.63113 322.06705 270.65009 566.52234 447.1167 2963.4526 
1.143493 2769.996 0.8026708 283.65054 144.81015 567.98102 360.66132 322.07895 270.66992 566.48541 447.12842 2963.4658 
1.143945 2829.461 0.8022299 283.67557 144.81161 567.95111 360.65118 322.10034 270.66226 566.48413 447.11621 2963.4524 
1.145302 1531.154 0.5284424 283.37357 144.6505 567.86157 360.41705 322.11554 270.6091 566.87482 447.82443 2963.7266 
1.148255 2875.271 0.785549 283.71948 144.88351 567.95947 360.64246 322.09891 270.68115 566.47021 447.10361 2963.5586 
1.148255 2875.271 0.785549 283.70422 144.87967 567.94141 360.63785 322.10638 270.68857 566.48529 447.07541 2963.5188 
1.148357 2598.202 0.7726764 283.66867 144.89122 567.89722 360.62674 322.09918 270.68835 566.41882 447.10785 2963.3982 
1.149013 2837.704 0.7769755 283.7243 144.89009 567.92651 360.6532 322.12457 270.69766 566.4408 447.10205 2963.5591 
1.149539 2989.835 0.8468367 283.73819 144.9207 567.91846 360.67566 322.13568 270.71973 566.38342 447.00604 2963.4978 
1.150033 2552.429 0.7618217 283.68637 144.91522 567.88037 360.60928 322.11145 270.70059 566.35547 447.10327 2963.3621 
1.152596 3028.06 0.7849019 283.76886 144.94679 567.88947 360.65524 322.13754 270.73242 566.40131 447.07797 2963.6096 
1.152893 4079.304 0.8471179 283.88797 144.92722 567.98724 360.74835 322.20712 270.74176 566.48932 447.01682 2964.0059 
1.154638 2770.696 0.8000302 283.78238 145.00859 567.79669 360.63138 322.14603 270.72919 566.33276 447.052 2963.479 
1.154784 3389.55 0.8098786 283.85123 144.9758 567.86285 360.68631 322.189 270.74997 566.39026 447.03336 2963.739 
1.156644 997.0167 0.3927293 282.90402 144.46947 567.98572 360.23752 322.39206 270.6705 567.83929 449.19995 2965.6985 
1.157466 4816.058 0.9342596 283.98972 144.99828 567.99542 360.79343 322.2616 270.76266 566.44769 446.97552 2964.2244 
1.157466 4816.058 0.9342596 283.98196 145.00006 567.97937 360.77637 322.2851 270.77423 566.44788 446.98459 2964.2297 
1.157887 4144.212 0.884592 283.94653 145.02356 567.93274 360.73645 322.23148 270.7753 566.3974 446.96509 2964.0085 
1.160261 2526.857 0.7538773 283.81461 145.09291 567.67987 360.62088 322.17615 270.77652 566.19891 447.10135 2963.4612 
1.160764 4264.128 0.8589757 283.99139 145.06673 567.87085 360.74158 322.26028 270.7774 566.35437 446.97971 2964.0422 
1.162837 3792.142 0.8139164 283.97278 145.10161 567.81201 360.73737 322.24524 270.81308 566.27228 446.98532 2963.9397 
1.163705 4912.872 0.9377923 284.06247 145.1086 567.88293 360.78992 322.315 270.8024 566.37134 446.92853 2964.261 
1.165724 2768.603 0.7576625 283.93164 145.1739 567.60614 360.63535 322.19736 270.81482 566.11877 447.02167 2963.4998 
1.166987 4767.377 0.8387275 284.08109 145.15907 567.79449 360.75763 322.33682 270.82428 566.30658 446.95703 2964.217 
1.168633 4378.235 0.8012234 284.08743 145.18413 567.7569 360.74677 322.31885 270.83783 566.26062 446.95828 2964.1506 
1.173459 4401.94 0.9154208 284.1467 145.28441 567.67426 360.76141 322.35226 270.88217 566.17914 446.89032 2964.1707 
1.174674 2665.518 0.7564973 284.01752 145.34062 567.48181 360.612 322.25531 270.8768 566.03033 446.99707 2963.6116 
1.174674 2665.518 0.7564973 283.99899 145.33266 567.47192 360.63748 322.29782 270.88739 566.07391 446.99335 2963.6936 
1.176041 3702.762 0.8538025 284.15067 145.34523 567.52771 360.70966 322.35394 270.90405 566.08093 446.8851 2963.9573 
1.181729 4307.7 0.9325852 284.24799 145.43332 567.52612 360.7735 322.40958 270.94995 566.0307 446.85394 2964.2251 
1.183685 2741.516 0.8104198 284.11536 145.50824 567.29956 360.67703 322.33856 270.93924 565.86029 446.88654 2963.6248 
1.185197 3125.695 0.8097931 284.18176 145.51729 567.34491 360.70535 322.36707 270.95947 565.91486 446.89731 2963.8879 
1.189536 2376.597 0.7101893 284.10699 145.57074 567.15179 360.62619 322.35275 270.96201 565.8028 446.96844 2963.5417 
1.193144 3287.614 0.8256468 284.29761 145.64972 567.23389 360.71024 322.41608 271.00745 565.7948 446.81607 2963.926 
1.193668 4146.903 0.7538728 284.33295 145.60411 567.34363 360.76114 322.49493 271.01361 565.91852 446.84265 2964.3115 
1.199602 3096.429 0.7531646 284.35919 145.73853 567.10712 360.68304 322.45901 271.04547 565.7052 446.84534 2963.9429 
1.201123 39.86536 0.3690069 304.41464 153.07434 649.78845 398.75449 352.66675 299.82468 642.36914 511.22534 3312.1179 
1.201716 3622.815 0.8372942 284.45319 145.78471 567.10736 360.74985 322.49603 271.07578 565.68274 446.76733 2964.1169 
1.201716 3622.815 0.8372942 284.42743 145.79028 567.14197 360.75348 322.50818 271.07962 565.66089 446.76245 2964.1243 
1.208718 4147.079 0.885591 284.55591 145.90332 567.06952 360.79498 322.55426 271.13867 565.62067 446.73453 2964.3718 
1.210902 4940.677 0.7800408 284.62073 145.89507 567.10254 360.81555 322.63818 271.13739 565.68524 446.75592 2964.6506 
1.213452 4970.797 0.9005858 284.67947 145.96645 567.06506 360.8129 322.65466 271.1814 565.61255 446.69794 2964.6707 
1.215148 4714.742 0.852031 284.65964 145.99098 567.03607 360.81577 322.6459 271.17746 565.58557 446.67706 2964.5884 
1.221003 3327.597 0.7699629 284.64099 146.10768 566.81897 360.73239 322.61807 271.20532 565.43292 446.70718 2964.2637 
1.223237 4609.121 0.9145905 284.76785 146.14522 566.87634 360.83374 322.69135 271.2515 565.41455 446.64401 2964.6245 
1.224045 4823.44 0.9057103 284.78763 146.15231 566.89587 360.82394 322.70764 271.24677 565.42651 446.64633 2964.687 
1.224109 2606.545 0.7302023 284.58994 146.17049 566.63031 360.65591 322.60135 271.22949 565.33179 446.74002 2963.9492 
1.224468 4062.891 0.9208738 284.7522 146.17337 566.81885 360.80862 322.69482 271.2486 565.3764 446.60275 2964.4756 
1.22479 4422.655 0.84805 284.76294 146.16815 566.86493 360.81125 322.7124 271.24731 565.42456 446.651 2964.6426 
1.22479 4422.655 0.84805 284.77002 146.16283 566.85767 360.81845 322.70078 271.25592 565.40381 446.66263 2964.6321 
1.2294 3319.066 0.8484724 284.75568 146.28236 566.6579 360.75433 322.66779 271.29285 565.25165 446.62537 2964.2876 
1.230295 4061.548 0.7773898 284.81183 146.24901 566.73041 360.79861 322.72693 271.28787 565.37164 446.66684 2964.6431 
1.236108 3932.96 0.7847855 284.86548 146.35307 566.62653 360.80273 322.76282 271.32355 565.25458 446.6351 2964.6238 
1.248767 2604.562 0.6909019 284.88818 146.56148 566.36121 360.71161 322.78494 271.39209 565.02728 446.71729 2964.4441 
1.251008 2713.416 0.6938585 284.90833 146.58977 566.26227 360.72 322.81464 271.39554 564.95721 446.67776 2964.3254 
1.269214 3594.647 0.7609332 285.26071 146.92227 566.13922 360.84177 323.00436 271.57376 564.78577 446.51773 2965.0457 
1.272369 4898.161 0.8570939 285.384 146.97925 566.164 360.9079 323.05002 271.61581 564.79633 446.44131 2965.3386 
1.283452 4137.303 0.9095365 285.49136 147.19295 565.97162 360.93088 323.13129 271.70932 564.56848 446.41354 2965.4094 
1.287413 3855.881 0.858462 285.5224 147.25792 565.87476 360.90326 323.12952 271.71579 564.52509 446.40442 2965.333 
1.288519 3931.432 0.7582823 285.51276 147.24242 565.85907 360.88901 323.15405 271.71793 564.58148 446.44794 2965.4048 
1.288519 3931.432 0.7582823 285.5274 147.24075 565.87665 360.86972 323.1749 271.72845 564.55396 446.43964 2965.4116 
1.29291 4315.715 0.7852402 285.59848 147.31921 565.84833 360.9093 323.21829 271.75198 564.50787 446.40738 2965.5608 
1.303227 4359.917 0.7195651 285.7193 147.47908 565.73932 360.93735 323.29514 271.82806 564.42468 446.41043 2965.8333 
1.307418 3046.797 0.7828052 285.67831 147.59766 565.49316 360.88113 323.23187 271.85953 564.22113 446.40695 2965.3696 
1.310504 4389.886 0.7990682 285.83463 147.62816 565.59235 360.94983 323.35129 271.89264 564.29181 446.36346 2965.9041 
1.312807 3051.384 0.7561024 285.74661 147.67378 565.42249 360.87466 323.2912 271.9075 564.15179 446.40067 2965.4688 
1.321983 2809.887 0.7591379 285.83026 147.84593 565.29425 360.87244 323.34058 271.9761 564.02991 446.32874 2965.5181 
1.330933 3342.292 0.780334 286.01746 148.00175 565.21387 360.93686 323.46118 272.04788 563.96472 446.30737 2965.9509 
1.331085 3952.353 0.7891652 286.06546 147.98999 565.297 361.00043 323.47986 272.07101 563.9986 446.2934 2966.1958 
1.334167 3961.882 0.8102042 286.12448 148.05186 565.24072 361.00552 323.51758 272.08771 563.95538 446.28458 2966.2678 
1.351136 4032.36 0.8052189 286.3363 148.33315 565.065 361.04269 323.63263 272.22617 563.78241 446.23044 2966.6487 
1.351136 4032.36 0.8052189 286.33905 148.33517 565.05273 361.04761 323.65192 272.21985 563.80939 446.24435 2966.7002 
1.354603 5110.14 0.894382 286.45877 148.39656 565.10095 361.09933 323.71219 272.267 563.79376 446.18753 2967.0161 
1.356231 3180.77 0.6661013 286.315 148.36182 564.92596 360.97433 323.65012 272.2244 563.74115 446.33588 2966.5288 
1.372098 2716.353 0.7948512 286.49817 148.73503 564.64459 361.02701 323.73337 272.39218 563.42316 446.22247 2966.676 
1.374344 2840.825 0.5981918 286.43622 148.60237 564.66925 360.96811 323.7941 272.34381 563.62805 446.39807 2966.8398 
1.378241 3669.522 0.7664323 286.66467 148.78903 564.7049 361.0878 323.85864 272.43839 563.46625 446.1684 2967.178 
1.379588 3895.894 0.8221088 286.72437 148.83788 564.7251 361.10345 323.8537 272.45404 563.42615 446.13034 2967.2554 
1.384512 3013.441 0.5901872 286.56793 148.77808 564.53876 361.01794 323.90219 272.42361 563.53961 446.38483 2967.1528 
1.408781 2845.36 0.6634285 286.92892 149.25523 564.28674 361.10364 324.05347 272.63745 563.18286 446.23917 2967.6875 
1.434365 1230.794 0.6174506 286.76678 149.5948 563.56567 360.87222 324.10706 272.83694 562.84918 446.65964 2967.2522 
1.458517 2746.091 0.5511809 287.46503 149.94714 563.67316 361.16147 324.51108 272.98282 562.85211 446.31244 2968.9053 
1.458517 2746.091 0.5511809 287.47083 149.95399 563.67047 361.18018 324.46918 272.97754 562.82111 446.31754 2968.8608 
