2153978
940261
3922463
786598
8867621
6870574
3231867
9555008
3436064
4070331
3995168
8972939
4197241
9407159
5302281
8526408
2065414
3373205
5274171
9764801
9723141
8534425
4796772
4485235
902448
4046535
87549
483266
9673387
5948592
5531738
4768450
2666975
698914
6340341
3931647
638634
1058594
9800535
2625379
2090562
4682381
6303807
9555347
8614837
4822350
569392
9355543
3506606
2574541
940261
2153978
8867621
786598
3922463
3231867
9555008
3436064
6870574
3995168
9407159
4070331
4197241
8972939
8526408
5302281
2065414
3373205
9764801
5274171
8534425
9723141
4485235
4796772
87549
483266
902448
4046535
9673387
5531738
5948592
6340341
698914
3931647
4768450
2666975
638634
9800535
1058594
2625379
2090562
9555347
4682381
8614837
4822350
6303807
2574541
3506606
9355543
569392
940261
2153978
8867621
786598
3922463
6870574
9555008
3995168
3231867
4070331
3436064
9407159
8972939
8526408
4197241
5302281
2065414
5274171
3373205
8534425
9764801
9723141
4796772
4485235
902448
4046535
483266
87549
9673387
5948592
5531738
6340341
2666975
4768450
698914
3931647
638634
1058594
9800535
2625379
2090562
9555347
4822350
4682381
6303807
8614837
3506606
2574541
9355543
569392
2153978
786598
8867621
6870574
940261
9555008
3922463
3231867
3995168
3436064
4070331
9407159
4197241
8526408
8972939
5302281
2065414
5274171
3373205
8534425
9723141
9764801
4485235
4796772
902448
4046535
87549
483266
9673387
5531738
1058594
5948592
6340341
2666975
4768450
698914
3931647
638634
9800535
2625379
2090562
9555347
4822350
8614837
4682381
6303807
2574541
9355543
3506606
569392
2153978
940261
786598
6870574
8867621
9555008
3922463
3436064
3995168
3231867
4070331
9407159
4197241
8972939
8526408
5302281
2065414
3373205
9764801
5274171
8534425
9723141
4485235
4796772
902448
4046535
483266
87549
9673387
5531738
5948592
6340341
2666975
4768450
698914
3931647
638634
1058594
2625379
2090562
9800535
9555347
4682381
8614837
6303807
4822350
569392
9355543
3506606
2574541
2153978
8867621
940261
786598
3922463
3231867
6870574
9555008
3995168
3436064
4070331
4197241
9407159
5302281
8526408
8972939
2065414
3373205
9764801
8534425
5274171
9723141
4485235
4796772
902448
4046535
698914
483266
87549
5531738
9673387
5948592
2666975
6340341
4768450
4682381
3931647
638634
1058594
9800535
2090562
9555347
2625379
4822350
8614837
6303807
9355543
2574541
3506606
569392
2153978
940261
8867621
786598
6870574
3922463
3231867
9555008
3995168
3436064
9407159
4070331
4197241
8972939
8526408
5302281
3373205
2065414
9764801
5274171
8534425
9723141
4485235
4796772
4046535
483266
902448
87549
9673387
6340341
5948592
2666975
5531738
4768450
698914
3931647
638634
9800535
1058594
2090562
2625379
9555347
4682381
4822350
6303807
8614837
569392
3506606
2574541
9355543
940261
2153978
8867621
6870574
3922463
786598
3995168
9555008
3436064
3231867
9407159
4070331
4197241
8972939
8526408
5302281
2065414
3373205
9764801
5274171
8534425
4485235
4796772
9723141
4046535
902448
483266
87549
9673387
1058594
5948592
5531738
6340341
2666975
698914
3931647
638634
4768450
2625379
2090562
9800535
9555347
4682381
8614837
4822350
6303807
9355543
2574541
569392
3506606
2153978
940261
8867621
3922463
786598
3231867
9555008
6870574
3995168
3436064
9407159
4070331
4197241
5302281
8972939
8526408
2065414
3373205
9764801
8534425
5274171
9723141
4796772
4485235
902448
4046535
483266
87549
9673387
5948592
5531738
6340341
2666975
4768450
698914
3931647
1058594
638634
9800535
2625379
2090562
4822350
9555347
4682381
8614837
6303807
2574541
9355543
3506606
569392
940261
2153978
6870574
8867621
786598
3922463
9555008
3231867
3995168
3436064
4070331
9407159
8972939
4197241
8526408
5302281
3373205
2065414
9764801
5274171
8534425
9723141
4485235
4796772
4046535
902448
483266
87549
9673387
6340341
5948592
4768450
5531738
2666975
698914
3931647
638634
1058594
9800535
2625379
2090562
9555347
4682381
4822350
8614837
6303807
9355543
2574541
569392
3506606
