Conversion of an object of class 'genind' into a GENEPOP file with the package 'graph4lg' Distances are linear along the SW coast of New Caledonia         
304, 408, 331, 589, 494, 523, 360, 565, 542, 593, 590 
Pop           
Mara_Mara1, 133157 190190 115130 171207 180190 120144 224232 149155 216242 163193 165181
Mara_Mara2, 143145 188236 121121 213271 158222 134134 232234 151175 180194 189189 169171
Mara_Mara3, 131159 180186 121133 189193 154168 134150 210228 145155 198228 159179 169177
Mara_Mara4, 141143 208218 118121 259273 160164 130134 222228 153179 242250 161189 171175
Mara_Mara5, 143143 186208 121133 203225 162194 138160 216234 145179 204212 151157 183197
Mara_Mara6, 141143 000000 121136 177201 000000 120180 226236 147153 210210 161187 157165
Mara_Mara7, 135135 188212 101115 207207 204228 134152 228234 175175 204256 161163 159197
Mara_Mara8, 139143 228232 121130 207213 140150 134140 224228 149153 192194 151159 161175
Mara_Mara9, 131141 186234 121121 167207 160160 134150 226230 149151 178232 159169 141155
Mara_Mara10, 143167 186186 121130 183205 158158 126134 230230 161163 184250 147153 167177
Mara_Mara11, 133143 192196 121127 193251 180180 156162 210228 147163 222224 155165 171175
Mara_Mara12, 131145 184190 127133 225245 178180 160160 228230 147155 232240 155161 173181
Mara_Mara13, 141143 192222 121121 199219 174204 154170 230246 151151 248250 145153 171201
Mara_Mara14, 129133 186236 118124 189213 158170 134148 222228 147171 210224 155155 179207
Mara_Mara15, 141145 184190 118121 193215 194194 140150 228236 151153 192236 153165 159181
Mara_Mara16, 143145 190198 127130 259261 168174 134152 216228 157163 228264 155175 155161
Mara_Mara17, 119151 186194 118127 199211 160192 130158 232236 153161 192254 159175 137165
Mara_Mara18, 131141 242242 121124 213253 182182 134142 224230 151151 210222 135145 165171
Mara_Mara19, 141153 206214 121121 203243 158168 140152 224228 149153 200212 147151 155169
Mara_Mara20, 143143 188236 124127 189213 196222 132162 224224 147159 218222 155181 173187
Mara_Mara21, 145157 208238 124124 217227 160162 138140 220230 155155 192210 153163 167169
Mara_Mara22, 135149 188208 121127 189201 196198 140168 216230 151151 208222 147155 143189
Mara_Mara23, 137141 188194 115115 193201 188206 134140 228230 147151 216240 151153 137187
Mara_Mara24, 143143 186210 121121 209213 166170 150154 224232 173173 212242 153185 161169
Mara_Mara25, 143143 218220 121127 167205 154164 148148 210232 155155 210236 153171 175195
Mara_Mara26, 141163 184240 121124 195267 150174 140168 228230 149179 218232 135155 143181
Mara_Mara27, 143155 184186 121127 193275 194220 132146 220228 145155 192228 153185 137165
Mara_Mara28, 131133 184232 118127 201217 146160 134134 222234 151157 194270 171175 137163
Mara_Mara29, 143155 186186 121127 197197 158158 130154 228234 149153 228238 153161 155173
Mara_Mara30, 129143 184230 121127 211237 160178 120126 216234 155167 222226 163195 179227
Mara_Mara31, 133147 190226 124133 209211 178178 142154 210226 155157 216256 153163 163165
Mara_Mara32, 143165 188204 121121 179185 152152 134146 224228 155175 178210 153189 145157
Mara_Mara33, 119141 208212 121133 181191 178200 140154 214230 149157 230236 155157 159175
Mara_Mara34, 143143 184204 124127 205209 196202 126134 230232 147149 208208 173189 175189
Mara_Mara35, 141141 208212 115121 165183 164226 140158 232232 151155 190204 157177 193195
Mara_Mara36, 133145 198198 121121 181219 150216 134152 230232 151155 210218 155167 163169
Mara_Mara37, 145199 186196 121130 189207 190212 156170 228232 147157 194232 149161 159171
Mara_Mara38, 131143 186190 124130 167211 158202 134156 216228 151153 194210 155155 137169
Mara_Mara39, 135143 184228 121124 189235 146158 136140 228230 155173 204212 155189 137161
Mara_Mara40, 141159 188188 115124 191211 168184 136142 216240 151153 212224 153161 175177
Mara_Mara41, 131151 184196 121127 189209 192192 146164 208232 155167 188208 149155 165169
Mara_Mara42, 131151 186188 121121 211267 174196 140148 224228 147153 222232 155161 169177
Mara_Mara43, 131141 184212 133133 187265 182208 130140 220228 149155 178222 155155 161163
Mara_Mara44, 155159 244244 124124 167189 192204 150168 220224 151155 212238 161173 169169
Mara_Mara45, 131141 190206 121124 207245 180216 134190 220226 147151 220250 161171 147193
Mara_Mara46, 131143 186190 121121 181189 178178 134136 224234 151157 222228 181187 139175
Mara_Mara47, 143145 212212 121127 187205 158178 130156 224228 151151 208232 153191 177179
Mara_Mara48, 131159 190212 124130 217223 162162 140150 216220 151155 204214 159159 151161
Mara_Mara49, 141145 188230 121127 213225 146146 130156 224228 173173 178198 155171 143175
Mara_Mara50, 133135 190220 124124 207207 176202 130140 230234 151151 204222 161169 159171
Mara_Mara51, 133141 184212 121124 193203 178196 134146 230232 149169 232246 149175 155167
418 0, 141145 188204 121133 177189 156200 136144 228228 151177 216228 155155 173207
Pop           
Ten_Ten1, 135141 180246 121127 171209 176176 134154 230258 151163 198232 147159 163167
Ten_Ten2, 149149 184186 118121 191267 158208 134162 228230 149151 236242 159163 161193
Ten_Ten3, 141141 186190 124124 209251 158158 134134 230232 155175 214228 153163 139165
Ten_Ten4, 143143 228234 121121 189229 190226 134166 238260 153157 210246 155167 165177
Ten_Ten5, 131141 186212 118130 213261 158176 140150 220226 149151 218236 161165 161177
Ten_Ten6, 131141 206218 127130 169225 200200 134162 228230 151155 172210 151159 137157
Ten_Ten7, 141143 186212 121142 177217 162162 136136 210240 153155 194214 151153 155179
Ten_Ten8, 141141 186186 121127 199199 164204 134144 230256 151159 200252 151155 177193
Ten_Ten9, 141143 202212 127133 199213 158226 134134 228228 155155 204218 167179 163163
Ten_Ten10, 131141 190206 121121 189213 158164 136156 228232 147153 178218 143153 155173
Ten_Ten11, 133159 184220 121121 205217 208216 134144 210226 151175 172256 153165 167177
Ten_Ten12, 141141 186190 121133 179219 148162 140158 210230 147151 194216 165171 155183
Ten_Ten13, 143143 190192 121130 189207 168188 130154 222232 147151 204234 159161 179191
Ten_Ten14, 141143 200238 121124 207211 158228 138140 226244 163167 194220 149151 161193
Ten_Ten15, 143145 180186 121124 169183 156172 136150 228234 151151 228236 153163 171171
Ten_Ten16, 133141 198232 121127 167249 172210 134160 232234 151151 194212 159179 169185
Ten_Ten17, 145151 188188 124127 223233 000000 136158 226226 151153 194212 133175 177185
Ten_Ten18, 133143 184188 121124 189217 182204 140160 210224 167171 204236 153161 173183
Ten_Ten19, 133143 206208 121133 189193 162208 132154 218232 149163 204236 183189 153159
Ten_Ten20, 141143 200200 121130 197207 192202 134142 224226 147167 232238 153161 159193
Ten_Ten21, 141143 190210 124124 189249 200202 136158 210216 153155 182194 155155 165185
Ten_Ten22, 131131 188222 121127 213235 164196 130156 224256 147165 228232 159159 143177
Ten_Ten23, 129143 236236 124127 177189 182182 140142 224228 163167 212240 147175 169177
Ten_Ten24, 141143 188228 121124 189267 214214 142142 224230 145147 210218 155157 181181
Ten_Ten25, 151151 226228 121127 193219 180202 140152 228234 143151 184212 161165 161193
Ten_Ten26, 141145 180222 124133 189213 200202 132162 228232 155155 236244 159161 157171
Ten_Ten27, 133143 188188 118127 213251 160192 134170 228244 151161 212212 161175 165179
Ten_Ten28, 141141 182236 121121 179209 200210 136140 228264 151155 194194 143153 157165
Ten_Ten29, 119131 188188 118121 191199 160162 136148 228232 143151 208212 153159 143185
Ten_Ten30, 131145 198198 124133 203205 174204 148154 224232 151155 200230 157173 169169
Ten_Ten31, 139141 212228 121127 191197 206208 136166 230230 155163 210270 169189 177181
Ten_Ten32, 131143 190224 121121 181207 190202 134140 224228 149155 204228 151159 151171
Ten_Ten33, 143157 198232 124124 183205 156176 140142 220236 153157 184220 153175 133165
Ten_Ten34, 151151 186190 124124 215229 160212 134134 208230 141165 184188 157161 147159
Ten_Ten35, 143143 184212 118121 203269 180190 138150 236238 143167 206232 149165 151165
Ten_Ten36, 131143 188188 121121 233275 218220 136166 220234 147155 184212 113149 149155
Ten_Ten37, 141143 200216 127133 203241 150164 134146 210216 145161 202310 155169 179199
Ten_Ten38, 131141 186188 121124 181243 158206 142170 228232 147153 214248 161171 143143
Ten_Ten39, 143143 204204 124127 195215 158198 134156 224224 155155 184226 155159 169169
Ten_Ten40, 143151 186186 124127 189207 186190 134140 228230 149151 210220 155157 163175
Ten_Ten41, 143143 188188 121121 183271 166178 134150 210224 171173 212236 161161 163169
Ten_Ten42, 141143 188188 115127 189213 148202 134154 222228 147149 186196 149153 161183
Ten_Ten43, 141141 184208 121124 183197 172214 132140 232258 149151 182216 155165 165195
Ten_Ten44, 123133 186188 127136 191201 176182 126140 226228 151155 184210 153165 169185
Ten_Ten45, 143143 192204 118124 193211 160200 140146 224230 145151 200232 151155 161191
Ten_Ten46, 129143 184184 121127 181199 152170 142146 228232 151159 206232 131141 143155
Ten_Ten47, 147157 208230 121139 207249 174190 136158 224230 165165 212232 161165 173177
Ten_Ten48, 133161 184238 121127 191197 196196 134160 210228 149151 202222 145169 171171
Ten_Ten49, 141143 186198 124133 193245 158170 132148 228256 145167 214216 151151 173191
Ten_Ten50, 131131 224224 124127 201243 214216 138156 228230 147155 188232 159161 157175
Ten_Ten51, 131143 180184 121121 189189 158216 132140 216232 151177 210232 153163 163169
454.7 0, 119131 198214 118121 205211 156158 126138 224232 147159 212230 151161 177193
Pop           
MBO_MBO1, 141151 188202 121124 173211 000000 140152 230238 151155 212244 157165 177189
MBO_MBO2, 143151 188188 121124 189215 160162 136136 228234 147155 204240 185189 171183
MBO_MBO3, 143143 184188 118133 201231 162166 134162 224240 151153 178238 179185 171181
MBO_MBO4, 141143 204204 118121 185189 180190 136146 228228 151151 182194 167171 167169
MBO_MBO6, 131143 190196 121121 205255 162178 136136 230236 159173 202204 167189 169187
MBO_MBO7, 141149 200222 124127 169183 166180 134134 224232 147165 184204 159177 159197
MBO_MBO8, 141145 184192 118121 167249 228236 164170 228236 155157 212236 151153 177197
MBO_MBO9, 131133 182186 121121 185213 178178 130148 220230 159161 204232 151153 167175
MBO_MBO10, 143167 186190 121121 189203 158158 138152 230234 145171 192210 149165 163195
MBO_MBO11, 131141 188188 127130 177191 204206 118124 256258 137147 222238 159179 179191
MBO_MBO12, 133143 188214 127133 187209 158234 148160 210246 149177 196272 151155 169175
MBO_MBO13, 131143 198198 115121 165225 164214 130160 226232 149153 178208 161161 155183
MBO_MBO14, 141143 188190 121124 177209 158158 134164 224232 151155 202210 155157 165169
MBO_MBO15, 133143 222222 124127 189201 156178 142146 210228 147149 206232 143151 181185
MBO_MBO16, 131159 184184 124130 205207 170196 130168 210246 149157 196240 175183 165171
MBO_MBO17, 135159 196196 121124 207215 160206 140150 226228 147189 210228 153161 161177
MBO_MBO18, 133143 184190 121127 205257 174174 142152 226232 153159 200204 159197 185193
MBO_MBO19, 141161 206222 121124 241269 190206 150150 204224 157175 106194 155183 177199
MBO_MBO20, 133141 182204 121127 189213 178178 134142 214242 147151 210210 153197 161173
MBO_MBO21, 141155 190228 121124 209243 166166 130134 228232 153167 240250 149153 141175
MBO_MBO22, 131143 184190 127127 189225 156192 130138 228240 151173 202202 153159 157173
MBO_MBO23, 133143 186186 118127 197201 000000 144154 228230 151151 192240 149161 143169
MBO_MBO24, 143143 190202 121127 167219 180182 134166 224228 151175 244244 153161 143165
MBO_MBO25, 143143 184186 121127 203207 158180 140174 234258 147149 212212 157163 137159
MBO_MBO26, 139139 188190 124133 199211 198204 130156 224258 147167 194236 149163 179181
MBO_MBO27, 143153 186186 121124 189191 180182 140148 210230 149157 218228 151161 167167
MBO_MBO28, 131135 218232 124127 205227 156156 136172 220224 151155 190244 155165 161167
MBO_MBO29, 143151 198200 121133 211217 160208 134150 224230 163165 190248 153163 179179
MBO_MBO30, 131143 184218 124130 199247 148176 120134 232234 153173 204258 155179 173175
MBO_MBO31, 143151 190190 124124 211247 204206 146154 228238 151159 222240 153183 157193
MBO_MBO32, 143143 190204 121127 205235 152224 130134 212228 147151 176242 163177 157199
MBO_MBO33, 133141 190214 121121 187187 190196 138138 210240 147153 212212 151159 165177
MBO_MBO34, 143143 198220 121121 203203 200202 150150 230242 145151 212242 151157 161161
MBO_MBO35, 125125 184186 121133 205247 204206 136150 226228 151165 174174 155185 161193
MBO_MBO36, 131131 186188 127142 183209 206208 138144 220224 147155 184192 161161 157199
MBO_MBO37, 141157 188234 118121 175177 178204 144148 228228 149155 210236 151173 161177
MBO_MBO38, 143143 186204 115121 189205 158178 162162 230258 147155 212246 155155 141195
MBO_MBO39, 131141 200212 118121 189235 162216 136166 226232 151151 222232 161187 143145
MBO_MBO40, 143145 186194 124124 167207 166180 134134 216234 151153 236236 151157 161197
MBO_MBO41, 143151 184188 121136 189211 156162 140172 216230 161167 222232 153155 165177
MBO_MBO42, 131141 200236 121127 189201 216218 134166 214232 155159 186232 155187 169183
MBO_MBO43, 131143 188204 115118 199259 158160 138160 208226 153183 208254 155155 169179
MBO_MBO44, 131143 186190 121136 175209 204206 144170 228234 151153 236268 155167 175177
MBO_MBO45, 131143 196196 121127 189195 160160 134138 210228 147163 228236 165169 165177
MBO_MBO46, 143161 186190 118139 207255 184222 130140 226234 149151 176192 173183 175177
MBO_MBO47, 113131 184198 121133 165197 156184 134142 210224 153169 222228 155159 155193
MBO_MBO48, 133153 194218 124130 189201 158158 140162 210230 151163 172268 161169 189193
MBO_MBO49, 131143 194210 124127 201229 158192 158170 228236 147153 204314 151151 175175
MBO_MBO50, 143143 184198 124130 191191 158178 154168 214220 151159 240250 155161 171189
494.14 0, 131141 188188 127127 165191 158206 134140 220226 155175 208216 179187 145187
Pop           
Lar_Lar1, 129131 184188 127130 199205 170210 134134 220244 153155 198250 143163 141169
Lar_Lar2, 141143 186188 127127 191195 162164 140140 216226 149171 186194 153163 149169
Lar_Lar3, 143145 188192 121133 193205 188188 126134 230234 147151 184212 161169 175177
Lar_Lar4, 133143 188190 127127 199211 182210 134140 228232 147151 204230 177189 145177
Lar_Lar5, 119153 198204 121121 191243 158218 134158 210228 147173 212236 155163 165185
Lar_Lar6, 141143 184226 127133 197277 186200 134150 216228 151177 222248 155157 165171
Lar_Lar7, 159165 190196 121127 175207 170182 134136 230232 155159 218226 165191 175175
Lar_Lar8, 141143 188204 127130 169189 166166 134136 228228 151153 212236 155155 151165
Lar_Lar10, 143167 216216 121121 203207 176208 120134 230232 153157 184242 145153 161187
Lar_Lar11, 143143 188198 121121 209219 166166 120134 234248 149149 194204 151163 157175
Lar_Lar12, 143159 190218 121121 179215 150196 134172 228230 147149 228236 153169 169173
Lar_Lar14, 143169 188208 121124 249275 192196 140162 230258 157175 232256 161193 161181
Lar_Lar15, 131143 198200 121133 195215 152158 132134 224228 151157 190236 151159 143191
Lar_Lar16, 141143 186188 121121 191215 208210 140142 232256 151155 208210 151155 163171
Lar_Lar17, 143143 184188 121124 185201 184184 136140 238240 155155 264264 135159 169171
Lar_Lar18, 145167 222236 118124 207213 218220 130158 210228 147153 200238 143161 161171
Lar_Lar19, 133143 184186 118121 191203 170186 134162 216230 147153 222250 161181 165169
Lar_Lar20, 141143 188232 121124 201209 146148 120142 230260 151155 220236 155185 183209
Lar_Lar21, 141143 184188 124130 207207 172182 140170 214234 151151 232244 167181 169191
Lar_Lar22, 143143 208208 115121 183265 152158 130134 228230 151155 172248 143185 145221
Lar_Lar23, 131131 184184 127130 207233 158176 136160 224228 151173 204216 155161 167175
Lar_Lar24, 143143 192242 124127 175243 154172 136156 210236 151155 194256 155161 161171
Lar_Lar25, 131159 184214 121127 197215 182182 120120 220228 151177 198212 159159 157173
Lar_Lar26, 133143 224224 121127 191201 162196 140150 212222 149179 198212 155155 165175
Lar_Lar27, 131143 192220 121124 237241 204206 136142 228256 147167 192256 167167 169171
Lar_Lar28, 133135 188188 121121 199205 162172 140156 222232 149151 200232 155155 161193
Lar_Lar29, 143143 184198 121121 195195 176194 132166 210240 147153 204250 155155 161195
Lar_Lar30, 131141 186188 121124 191219 166178 152162 228232 151155 178188 153165 165195
Lar_Lar31, 133145 188206 115124 171207 196212 134154 230256 149155 218220 155185 159187
Lar_Lar32, 143147 204224 124127 189203 138210 140140 220228 151157 204230 155155 177181
Lar_Lar33, 139143 184230 121121 169207 160162 126142 232236 151155 232232 155167 165169
Lar_Lar34, 131143 186192 121130 169207 170190 130140 226228 159173 194236 155167 193197
Lar_Lar35, 131145 184196 121127 167205 194198 132160 234260 149155 178178 155155 177189
Lar_Lar36, 141145 212214 115121 219229 200202 132152 210222 151151 194222 157163 167179
Lar_Lar37, 135141 188188 118121 169189 182202 122122 228228 147153 212256 149153 165191
Lar_Lar38, 143143 186188 121124 205259 202204 140152 210260 143147 200234 153161 163163
Lar_Lar39, 143151 188238 115121 211225 180212 124148 228230 147153 182212 151161 149171
Lar_Lar40, 141145 184188 121124 169207 170204 140150 228234 149151 198208 169187 173177
Lar_Lar41, 143143 190234 127130 203233 158200 156162 212234 171173 210220 155175 169183
Lar_Lar42, 143155 198210 130133 197207 182220 120120 228234 149151 172236 151157 155161
Lar_Lar43, 141143 192196 115121 177211 186186 126134 228228 155175 172206 161163 163171
Lar_Lar44, 141159 206236 121127 185273 160190 138160 230234 151155 194218 155157 173215
Lar_Lar45, 141149 190216 121127 183193 194210 134150 226228 143153 192232 161183 143183
Lar_Lar46, 143151 224232 124124 169199 156158 134140 210220 149151 228232 159171 161169
Lar_Lar47, 129153 184218 121130 207245 162180 126134 204256 153179 212232 153161 153157
Lar_Lar48, 143143 186224 127127 189207 186186 140150 220230 151183 216218 153155 165177
Lar_Lar49, 141169 184216 121121 189211 210212 126144 216228 147155 172178 161177 169175
Lar_Lar50, 141157 184208 121121 243251 198200 138140 230260 155167 208220 149163 161163
Lar_Lar51, 141143 196226 118133 175183 150150 134160 224224 159169 194222 171189 173177
Lar_Lar52, 143145 188188 130133 189221 196216 140164 244250 173173 236240 165173 171175
507.2 0, 149155 204224 124133 169181 224234 144144 224234 149151 184198 151187 165193
Pop           
Go_Go1, 141143 180180 121133 191199 182214 146152 228238 147163 176256 151153 175193
Go_Go2, 131143 222222 121130 199215 176192 126134 224230 151151 206256 161165 153177
Go_Go3, 137145 196206 130139 189205 178178 120142 216230 147151 188208 161171 175223
Go_Go4, 143143 188188 121124 183233 160196 144150 210234 171173 196220 157169 175179
Go_Go5, 133135 190222 121127 201255 158204 120150 228232 151153 192216 151161 165181
Go_Go6, 125141 190190 118121 201207 152188 162164 226228 147151 212228 151171 137191
Go_Go7, 145155 186190 121124 189199 146170 134154 226228 163173 228234 157187 177189
Go_Go8, 131135 184184 121124 169201 160206 134150 210218 141153 186228 155161 175197
Go_Go9, 133143 184240 124127 203203 150180 126144 212226 149169 184200 165171 141175
Go_Go10, 141141 192192 121136 201203 208210 138158 220228 149151 202322 159179 173195
Go_Go11, 141159 186186 121124 201223 174198 134162 212244 153155 210232 155173 175177
Go_Go12, 131131 186188 121130 205215 158182 138148 210220 153155 204222 163197 179179
Go_Go13, 141161 180186 121133 203233 162162 132140 232242 147149 210216 157159 171179
Go_Go14, 141143 184192 121127 169221 158158 140142 210224 147175 198206 169185 163177
Go_Go15, 143143 184184 115124 167227 158158 136140 228244 165167 204230 161163 161175
Go_Go16, 141143 182216 115133 193273 162162 134136 228254 151153 232256 151161 147161
Go_Go17, 143145 184236 121127 191201 154194 134136 228228 151173 214232 155167 157163
Go_Go18, 119143 186222 121121 177189 190204 132134 210228 155173 242254 157179 165193
Go_Go19, 143143 182184 121124 189195 174178 134154 222230 155155 178228 155155 169171
Go_Go20, 143143 198222 124127 189201 158200 160164 224232 153153 228266 167173 169175
Go_Go21, 141143 200208 118121 181201 160160 134142 220224 147151 208212 167177 147175
Go_Go22, 131141 236240 121121 191211 208210 134140 210230 151161 196204 135161 141203
Go_Go23, 141145 184198 115121 199201 190210 138142 228232 147173 188236 157161 169171
Go_Go24, 133143 188228 115130 193245 178216 140140 226230 147159 178250 145175 167193
Go_Go25, 133143 192236 121127 175183 158160 134138 216230 151167 212238 153155 165177
Go_Go27, 143143 184186 121127 167227 146204 136140 216222 147153 212226 151161 165169
Go_Go28, 131143 184190 121130 211221 156158 134156 230242 147153 222226 151195 179185
Go_Go29, 131143 190208 121121 185189 158188 136142 222228 151157 208224 155157 169199
Go_Go30, 139139 204232 121124 201243 160170 134136 226240 147151 204208 159163 145161
Go_Go31, 143143 184192 127136 183191 158158 140162 228232 151155 234240 151165 175177
Go_Go32, 145157 186204 127127 189261 168168 130134 230236 147155 212214 153155 165177
Go_Go33, 143143 188228 115118 165167 160202 120134 236240 151151 222250 153163 157171
Go_Go34, 143143 186198 121124 189199 210212 130140 220232 149155 194210 155177 157183
Go_Go35, 143143 184220 121121 195201 170194 120134 228236 147155 182218 153155 165177
Go_Go36, 143145 222232 121130 191201 168168 132134 244262 153155 206244 153155 165177
Go_Go37, 139141 212218 124127 175241 204208 158158 228240 153175 192218 169173 159197
Go_Go38, 147159 202202 118133 193207 180182 120144 224238 151165 212264 155155 155159
Go_Go39, 143159 184186 118118 185189 182198 140168 228236 155163 192236 161161 155197
Go_Go40, 131143 188192 121121 179195 162190 134142 216238 155157 172250 155189 165165
Go_Go41, 141141 184190 118124 203203 186192 132150 228248 161161 218232 149153 177179
Go_Go42, 141141 186188 115127 203207 176200 120158 230230 153155 194224 161187 157177
Go_Go43, 143151 186194 121127 211223 158178 134134 228228 153155 212224 167167 169175
Go_Go44, 143159 198218 121127 189257 150194 134150 226228 153153 204226 161183 169181
Go_Go45, 141157 188234 118118 223233 146190 142158 220228 153165 176232 159199 165189
Go_Go46, 141141 212212 121124 179201 188202 146158 228238 147157 234242 155159 157163
Go_Go47, 137153 188230 121121 183223 158180 134170 222232 169179 192232 155161 155165
Go_Go48, 167167 190192 115121 191243 192196 140146 228238 145155 212212 155165 137171
Go_Go49, 133141 198198 121124 197229 148180 128134 216228 147161 196232 135165 141173
Go_Go50, 143143 202202 121127 179239 184184 136146 226232 151151 192210 155195 173181
Go_Go51, 141157 184190 115118 167209 156160 140156 216224 151151 230242 161163 161233
Go_Go52, 141141 188218 121127 193201 216218 134136 232234 149165 196240 151153 147171
Go_Go53, 143143 184192 121130 193203 158200 150166 210226 147147 192212 163187 163165
Go_Go54, 135143 184190 118127 191197 148176 134140 208236 147153 232232 155179 155173
Go_Go55, 149155 188222 121121 167207 180180 140140 230232 149165 246250 151155 167169
514.98 0, 143143 190234 115133 207227 146160 126136 210232 141151 210234 155159 163169
Pop           
QBW_QBW1, 133143 184204 115118 241241 186188 140150 228232 161167 202232 161175 153173
QBW_QBW2, 143149 190204 124136 209213 160218 134144 224234 143151 188232 187199 143193
QBW_QBW3, 151151 188190 121124 183211 178182 120142 232232 149151 208210 153163 163193
QBW_QBW4, 141143 184198 115121 183215 200202 134136 228240 155167 204222 157157 153193
QBW_QBW5, 133133 188188 121136 177191 164182 144150 234240 151175 242250 151175 169193
QBW_QBW6, 131135 184186 118121 189191 172174 140152 228234 147149 204210 153155 165177
QBW_QBW7, 131131 184188 115127 203205 154172 136158 220226 153165 194232 159183 169179
QBW_QBW8, 143161 192192 121121 239243 190222 140142 204224 149157 184186 155163 163169
QBW_QBW9, 143145 200200 118133 187197 158172 126136 228228 147153 000000 155165 139167
QBW_QBW10, 133141 184232 121121 189261 160160 134140 230232 149149 186222 173177 171175
QBW_QBW11, 131147 188204 121124 199263 168168 134136 220230 151175 212212 143171 169181
QBW_QBW12, 137143 186186 121124 201201 186186 142152 226232 167169 232236 173185 173175
QBW_QBW13, 119143 186190 118130 183199 208210 134164 228244 151159 196244 155167 173193
QBW_QBW14, 135135 186208 127133 201203 180186 168170 226244 157167 194232 161179 163167
QBW_QBW15, 141161 184186 121127 199207 164164 134152 230230 151175 218232 151167 137179
QBW_QBW16, 143153 186204 124127 205209 172172 150150 210240 153155 184240 155161 143193
QBW_QBW17, 143143 198202 121121 191219 146202 142146 212232 151155 232236 153173 169177
QBW_QBW18, 119143 184192 121130 189207 158202 134136 232248 155167 188254 149167 143157
QBW_QBW19, 131143 190240 124133 197245 196226 140164 226236 155169 204232 165171 157189
QBW_QBW20, 131141 188226 118127 165185 184202 138140 224232 149155 220258 167177 161189
QBW_QBW21, 141143 190216 118121 191247 202204 136142 228230 149151 176200 167175 185193
QBW_QBW22, 143143 186236 127127 195211 182188 134140 220232 151155 182242 153167 143179
QBW_QBW23, 129155 190204 121133 187239 192208 136138 230258 151171 210222 149169 157175
QBW_QBW24, 143163 184188 124130 191203 156202 160164 208228 147151 172204 159185 159193
QBW_QBW25, 131143 186214 124127 199255 202202 120150 222228 153153 202232 155155 159163
QBW_QBW26, 143143 186186 121127 185205 190190 134134 232234 147155 198248 155163 161165
QBW_QBW27, 143143 186224 121121 167269 000000 140152 220224 149165 178210 161161 169175
QBW_QBW28, 119141 200222 118121 177211 210212 134156 232240 151159 136136 000000 157185
QBW_QBW29, 129143 194196 118127 177265 146220 130134 208230 155157 220234 143147 139143
QBW_QBW30, 131131 186208 121127 201203 180186 168170 226246 157167 194232 161179 163167
QBW_QBW31, 141161 184186 121127 199207 164164 134150 230230 151173 218232 155167 159177
QBW_QBW32, 143153 186204 124127 205209 172172 150150 210240 153155 184240 155161 143193
QBW_QBW33, 143143 198202 121121 191219 146202 142146 212232 151155 232236 153173 169177
QBW_QBW34, 119143 184192 121130 189207 158202 134136 232248 155169 188254 149167 143157
QBW_QBW35, 131143 190240 124133 197245 196226 140164 226236 155169 204232 165171 157189
QBW_QBW36, 131141 188226 118127 165185 184202 138140 224232 149155 220258 167177 161189
QBW_QBW37, 137141 198204 121121 203271 190204 132176 210232 151155 204214 159173 173179
QBW_QBW38, 133161 232232 124130 197203 180196 132134 232234 151153 192218 153191 169193
QBW_QBW39, 131141 190204 121124 199205 158158 134140 224234 153157 186212 161173 169179
QBW_QBW40, 137143 220222 127133 193197 158198 142166 224226 153165 200204 177189 173183
QBW_QBW41, 133133 198226 121130 175251 158188 126140 212224 149151 176236 167175 155155
QBW_QBW42, 143157 186192 121124 195199 160184 122122 228230 159171 232240 155159 165177
QBW_QBW43, 129143 186236 115127 203217 190212 140164 224242 147147 214214 161165 165179
QBW_QBW44, 143143 220220 124136 181181 170202 154158 226230 147151 204230 155161 155209
QBW_QBW45, 141141 186204 115124 195247 000000 134162 210234 155161 226264 163181 167193
QBW_QBW46, 131143 188196 124124 189195 194194 144170 230232 147151 212232 151169 153157
QBW_QBW47, 139141 190210 127127 197203 192210 120140 260272 155161 196212 149159 181181
QBW_QBW48, 143149 186220 118127 203207 182182 140144 230256 149151 194198 153169 163165
QBW_QBW49, 139151 186214 121130 183189 160162 134142 210228 155167 226236 135177 169213
QBW_QBW50, 145151 200230 124127 189245 160170 130174 232232 155161 210222 155167 193193
QBW_QBW51, 141143 188210 121130 211241 202204 120158 228228 155155 218236 155181 177183
QBW_QBW52, 141143 212230 121130 191207 178196 144150 228228 145165 176254 161181 137187
QBW_QBW53, 137145 188190 121124 185231 160160 134160 232232 147157 176258 153161 155179
527.4177 0, 131141 186186 118121 189189 196204 134140 210228 155155 210234 153165 161171
Pop           
Tote_Tote1, 141143 184190 121127 175229 166194 134162 228232 151173 200224 163189 139179
Tote_Tote2, 131143 188200 121124 197215 158210 140160 230230 155157 222232 135185 163177
Tote_Tote3, 131131 190190 121124 201213 152212 122140 210228 151157 186218 157175 163173
Tote_Tote4, 131141 184226 121127 189189 158180 128132 210226 149163 226236 157161 151169
Tote_Tote5, 137141 190190 121124 191207 158194 126136 230232 151173 246248 153163 169175
Tote_Tote6, 143143 198198 115121 189219 164238 160168 232232 151157 178182 151173 177213
Tote_Tote7, 161165 188188 124130 205241 148204 140142 228232 153173 192248 147169 149173
Tote_Tote8, 131157 188188 124133 197269 200220 136140 220236 149175 210262 151193 159187
Tote_Tote11, 141155 186198 121121 187207 206208 134134 228230 155159 210232 151161 163179
Tote_Tote12, 143147 184186 124124 193207 196222 134134 220230 147149 200310 167167 157171
Tote_Tote13, 143143 188198 121121 175189 180190 120136 208232 155157 208318 157161 141171
Tote_Tote14, 143143 184184 124124 189215 168172 130144 210228 147153 214248 169181 175177
Tote_Tote15, 143143 186222 121127 207215 158164 120144 210218 149155 208222 155181 161195
Tote_Tote16, 141143 184184 121127 183197 158158 134134 214228 153165 186194 165181 161175
Tote_Tote17, 141143 184220 124124 183209 178178 120130 228250 153161 206236 151173 167173
Tote_Tote18, 141143 224224 115121 211247 162182 136142 228240 151155 220234 153153 183195
Tote_Tote19, 137141 192222 121121 203207 168174 126140 230242 141167 204210 159197 157165
Tote_Tote20, 131141 200222 115124 191225 172172 150166 226228 153155 238238 145167 161163
Tote_Tote21, 133139 186186 124127 183193 180208 134134 218244 155171 200232 153183 161175
Tote_Tote22, 143149 190236 118127 199211 158206 136174 228232 151165 184188 161191 177191
Tote_Tote23, 131141 188188 121124 223241 148192 152160 220240 171177 212228 155161 165169
Tote_Tote24, 131141 188188 130130 189207 188202 136146 228234 153157 226242 153163 163187
Tote_Tote25, 135155 180226 121133 203213 184190 134170 230230 151151 204206 159161 145145
Tote_Tote26, 141143 184210 127136 189211 234234 140174 234256 151155 244250 159169 159195
Tote_Tote27, 143143 192220 118130 191193 162222 134162 220232 153155 210232 153161 171175
Tote_Tote28, 137143 204204 118130 211241 166190 144148 210228 155171 222232 151171 135193
Tote_Tote29, 131143 188190 115121 169259 200216 134140 224228 149155 204208 155155 171197
Tote_Tote30, 131143 198202 115127 207213 166166 136140 216236 155157 224230 135161 149171
Tote_Tote31, 141145 188190 121121 181223 156196 134154 232242 147173 200264 159159 159159
Tote_Tote32, 119143 236236 121127 203203 166190 134164 230232 153177 206208 151173 161179
Tote_Tote33, 131131 204204 115121 183207 146146 148150 210236 151155 180240 163171 155167
Tote_Tote34, 131131 192192 121127 207211 160190 144148 226228 151155 178236 161163 185199
Tote_Tote35, 119143 186250 121130 207217 148148 120146 230234 153155 178186 155167 155169
Tote_Tote36, 141141 186190 115115 201219 146218 140148 224230 153167 236328 155169 197207
Tote_Tote37, 141147 214218 121133 195233 204212 134168 210256 153155 194232 153159 173177
Tote_Tote38, 143143 190198 124124 177189 200206 136140 210234 151177 208232 151161 173179
Tote_Tote39, 133143 188204 115127 205211 158158 126168 228230 151169 196206 165171 165189
Tote_Tote40, 141143 186208 124127 191207 160180 154168 218228 143147 220228 157161 143179
Tote_Tote41, 131145 186188 121130 185193 186190 138154 232232 153173 196242 151161 137201
Tote_Tote42, 143149 186222 121124 179207 158158 144156 228232 153173 210218 155179 179187
Tote_Tote43, 135145 184198 121121 183211 172186 140152 216228 151155 224242 153161 141179
Tote_Tote44, 131141 190224 121121 193205 162162 136154 226228 147159 220234 155159 167175
Tote_Tote45, 143145 214214 115121 205225 182182 120154 224228 149151 202234 151173 155179
Tote_Tote46, 119149 184188 121127 205207 176192 120144 210228 153155 212256 171177 171193
Tote_Tote47, 143157 210228 124127 181253 172198 132162 220232 147173 172204 155155 175181
Tote_Tote48, 133157 188190 121124 205209 190190 140140 216230 147151 178180 153171 167167
Tote_Tote49, 137145 188208 121127 191197 152164 126168 214224 151155 200204 151155 165221
Tote_Tote50, 143143 190236 121127 189215 178210 134134 224232 149153 188228 151155 173195
Tote_Tote51, 143147 186200 121133 227265 166182 136140 216228 155163 204256 159161 181185
Tote_Tote52, 131143 192196 124139 189207 202204 134154 228232 153157 192208 143159 169185
Tote_Tote53, 123143 198200 118127 185195 172204 136144 224232 167177 200232 157177 159169
Tote_Tote54, 141143 184190 121121 189207 172172 134140 228230 149153 232240 155159 161161
568.21 0, 147159 190200 121121 169207 172202 146164 218232 161179 204266 155161 157189 