Conversion of an object of class 'genind' into a GENEPOP file with the package 'graph4lg'  Distances are linear along the coast of Viti Levu and the Yasawas         
304, 408, 331, 589, 494, 523, 360, 565, 542, 593, 590 
Pop           
Suva_Suva1, 133143 190196 115124 211211 192230 120126 220230 155157 196224 155161 177179
Suva_Suva2, 133133 202216 124127 189199 184224 142152 228230 155155 140196 157157 173177
Suva_Suva3, 141161 190190 118124 203211 164232 138158 226228 159161 196214 153167 165173
Suva_Suva4, 145161 184204 112121 189205 158158 126170 228230 143155 188196 155155 149173
Suva_Suva5, 133161 188188 115121 207219 158204 126138 230236 151155 222234 159191 159181
Suva_Suva6, 133159 190190 121124 177185 162172 136150 226228 155157 222236 153173 155175
Suva_Suva7, 143143 196224 115121 189197 184192 150158 226228 155157 194228 161177 155197
Suva_Suva8, 133143 204206 124127 211215 170170 136154 230232 155157 180234 155181 163181
Suva_Suva9, 143147 184230 121124 173185 152164 126130 222228 147157 194238 159159 173177
Suva_Suva10, 133143 190190 121121 193211 158166 126134 228232 147157 184194 165173 165169
Suva_Suva11, 143143 188196 124127 209211 184196 168172 240258 157157 196254 159165 173181
Suva_Suva12, 141143 204208 121121 183185 158158 158160 228228 147157 212228 155159 175195
Suva_Suva13, 131143 192192 121124 189205 158158 120134 228228 157157 188212 171175 177193
Suva_Suva14, 143161 190196 121124 189213 158162 142154 228228 157157 184212 159161 173193
Suva_Suva15, 133143 190190 121121 205211 180218 160176 244248 177177 214256 189189 189193
Suva_Suva16, 143143 198198 121124 177213 164164 152168 228230 157157 224238 153161 157165
Suva_Suva17, 143143 212212 121121 201205 150150 122134 228230 153155 206212 161187 159185
Suva_Suva18, 141143 198224 121124 199203 158218 152152 228230 155157 188238 155159 173177
Suva_Suva19, 141143 188200 124127 183201 190192 142150 220228 155157 228252 159161 177193
Suva_Suva20, 131143 188190 121124 197207 148164 136154 222230 153165 222228 165189 165175
Suva_Suva21, 141143 198198 124124 185185 170170 136162 204228 153155 212212 189189 165177
Suva_Suva22, 133141 184184 121121 185207 168200 126162 220230 155175 212236 155159 173177
Suva_Suva23, 141143 196198 115127 211219 158192 120120 210234 153157 186220 169171 149177
Suva_Suva24, 141143 204204 115121 177201 158190 142150 228232 147161 212228 159179 173189
Suva_Suva25, 143143 198198 121124 189211 158190 136142 228230 155159 222242 181189 175211
Suva_Suva26, 133145 204204 121124 189191 148148 130152 222228 155155 192204 153189 151167
Suva_Suva27, 143161 186190 121121 207211 180180 140154 228234 153161 222258 145161 155177
Suva_Suva28, 143143 184216 115121 205215 170214 120126 222232 153173 198212 159159 165175
Suva_Suva29, 137137 188188 121121 181207 158166 134136 210228 155161 236254 153161 175197
Suva_Suva30, 143161 182188 124127 183199 160164 120164 222230 147149 238256 155163 177181
Suva_Suva31, 141161 184184 121124 185211 164228 126136 228228 157163 186220 151153 153165
Suva_Suva32, 141143 190208 124127 209211 164202 136154 230230 161163 192260 189189 151171
Suva_Suva33, 139143 186186 121121 183197 158184 126152 228230 163165 188192 155165 165197
Suva_Suva34, 133141 184190 121127 207211 152164 134136 228228 151155 216226 169175 155179
Suva_Suva35, 145145 190198 127133 207209 148166 142142 222226 155159 186236 153177 175179
Suva_Suva36, 141141 000000 121127 177213 158164 136136 228228 147155 228238 151173 173193
Suva_Suva37, 143145 196224 121121 183183 196212 130168 228230 155157 208224 153161 173197
Suva_Suva38, 133143 216216 115124 211221 158196 130136 228230 155161 236258 161163 155171
Suva_Suva39, 143151 188188 121124 205207 176176 120120 228230 153155 184196 165189 155163
Suva_Suva40, 141143 000000 127127 207255 180186 136138 216230 155157 194194 161161 163175
Suva_Suva41, 141143 188188 121121 185201 178194 134136 212228 155163 136228 173179 179181
Suva_Suva42, 143143 188190 121121 185209 158164 158168 228230 153153 138230 181189 155177
Suva_Suva43, 145161 188188 121127 185185 186226 120136 222232 155155 136212 155167 173175
Suva_Suva44, 141141 212224 121124 183193 166186 136152 220228 147155 148208 159173 177193
Suva_Suva45, 121145 184188 121133 183207 144152 136138 228228 155159 148224 177183 177193
Suva_Suva46, 143145 188224 121127 197211 180184 144150 220226 153155 152236 155159 173193
Suva_Suva47, 141143 184226 121127 189205 160186 134142 222228 157159 144228 171185 153173
Suva_Suva48, 143161 212212 124127 189235 196204 136142 228232 155157 212216 153159 175175
Suva_Suva49, 133141 196196 121124 205207 182192 130148 220230 155163 212228 155163 155193
Suva_Suva50, 143161 188188 121127 207217 164192 136136 228228 147159 212232 155181 155175
Suva_Suva51, 131141 184190 121127 185211 158212 136136 228230 153175 258258 155169 171183
Suva_Suva52, 143143 188188 121124 177199 180180 132150 230242 153155 236258 155155 169187
Suva_Suva53, 121143 184190 121124 189203 180192 140168 228230 153155 228244 157169 173177
Suva_Suva54, 133159 184188 121121 183183 158158 136142 220228 155155 192194 155155 155179
Suva_Suva55, 143143 188190 124127 175207 158158 130142 226228 153159 194246 163181 155177
98.16 0, 143143 204208 121124 211231 152216 136142 228236 147167 188226 163165 175177
Pop           
Muaiv_Muaiv1, 131143 190194 121121 205219 158202 190196 230236 155155 226240 145153 171179
Muaiv_Muaiv2, 143161 000000 121121 203219 166166 190190 222222 147169 196222 157163 165165
Muaiv_Muaiv3, 161169 190204 121127 211215 158214 136140 228228 157159 192236 153161 153173
Muaiv_Muaiv4, 143161 188188 115124 197203 158226 142142 220230 147153 226228 189189 185197
Muaiv_Muaiv5, 141143 188214 121121 211213 180180 130150 228228 143175 212212 155163 177203
Muaiv_Muaiv6, 143143 222230 121124 183189 158192 142142 220232 151155 226236 153161 165177
Muaiv_Muaiv7, 143143 188190 124124 203203 158158 136150 218220 163165 222226 155161 165177
Muaiv_Muaiv8, 143143 212212 121127 201207 196196 120142 226230 153155 210258 153173 173173
Muaiv_Muaiv9, 133143 184184 121121 197215 158200 140142 220228 153155 194222 155155 173205
Muaiv_Muaiv10, 133141 190190 121121 203207 158202 136142 228236 153171 194236 163189 179181
Muaiv_Muaiv11, 141163 190212 121130 183263 164164 144158 222228 157159 228236 161173 155169
Muaiv_Muaiv12, 133143 190192 121127 197211 214214 130130 228236 171175 212226 169185 175177
Muaiv_Muaiv13, 133143 000000 124127 189209 166166 142154 228228 153155 182238 177189 155175
Muaiv_Muaiv14, 131143 190190 121127 195257 158190 136136 222232 147157 194222 155155 175183
Muaiv_Muaiv15, 133145 184186 115127 189213 190208 150152 228232 153157 236236 153181 181193
Muaiv_Muaiv16, 143145 190190 121124 197201 206216 140140 230230 149163 194212 169191 171181
Muaiv_Muaiv17, 143145 194194 121127 189211 152168 142142 228236 155165 222240 155189 171183
Muaiv_Muaiv18, 143159 184188 121121 183189 158212 134160 228240 147151 192210 163193 169179
Muaiv_Muaiv19, 133141 212212 121121 199215 148148 134142 218238 155159 236256 155155 147165
Muaiv_Muaiv20, 143143 188212 121121 207207 166174 136142 222228 153163 184222 181189 177203
Muaiv_Muaiv21, 141145 184190 121121 207219 170222 134142 228230 155157 192238 129153 173177
Muaiv_Muaiv22, 133141 190190 121124 199201 148154 134170 220228 147155 206260 161171 153173
Muaiv_Muaiv23, 143147 184184 121121 189203 190194 126130 228228 147155 196196 135183 179233
Muaiv_Muaiv24, 133153 190190 121124 179185 158184 158190 222234 147153 238256 153191 175179
Muaiv_Muaiv25, 143145 190190 121127 231231 180198 126126 230232 155155 192206 167193 155169
Muaiv_Muaiv26, 141143 204204 121124 205219 166212 126136 216230 153159 194194 155167 177193
Muaiv_Muaiv27, 133161 188188 121127 203211 158164 142142 228228 147155 204236 153189 179195
Muaiv_Muaiv28, 133143 190190 121127 207213 158216 136158 228230 155159 176236 159163 171177
Muaiv_Muaiv29, 141141 190190 121124 197213 214216 136136 224228 153157 226234 149161 173177
Muaiv_Muaiv30, 141141 188190 121121 189189 182196 134136 222230 157161 204212 161189 175181
Muaiv_Muaiv31, 141141 188190 121121 189189 182196 134136 222230 157161 204212 161189 175181
Muaiv_Muaiv32, 141145 190212 115130 203211 158182 142164 226230 155159 194224 159163 173175
Muaiv_Muaiv33, 133141 188212 121127 211221 158214 142150 238240 151157 184184 171189 171175
Muaiv_Muaiv34, 143145 184188 121124 201205 168194 148158 228228 153165 222222 171173 179193
Muaiv_Muaiv35, 143143 190212 121124 183193 158188 136168 228228 167167 184198 151159 173183
Muaiv_Muaiv36, 141143 186212 121124 177225 158168 134158 214226 155155 224228 173189 177179
Muaiv_Muaiv37, 145165 184196 121121 185189 158160 150152 220228 155159 222222 153159 177183
Muaiv_Muaiv38, 145145 188204 121124 207213 148158 120144 228232 155159 238258 167177 167173
Muaiv_Muaiv39, 141145 184188 121121 183207 176210 142152 230230 149155 238250 183187 165169
Muaiv_Muaiv40, 145147 208212 121127 177195 192202 134162 228228 147155 188238 189189 177183
Muaiv_Muaiv41, 133143 186186 121121 205223 148214 120162 228230 155155 212212 155193 175181
Muaiv_Muaiv42, 143161 196196 121127 197201 158162 126138 220230 153157 230234 153155 165185
Muaiv_Muaiv43, 131141 188190 115121 207211 158210 150162 220232 155155 176236 153161 167177
Muaiv_Muaiv44, 133143 188196 121121 209213 164210 134142 228228 155155 194234 153171 177177
Muaiv_Muaiv45, 133143 204204 121133 211233 192218 136142 226226 153155 210242 163171 175179
Muaiv_Muaiv46, 143143 200200 121127 189217 148148 120126 218230 153163 188270 163175 157187
Muaiv_Muaiv47, 133143 212212 115127 177211 212214 148168 230230 155159 194208 163189 173173
Muaiv_Muaiv48, 141161 196208 115127 207215 166182 140142 230230 163177 232252 155171 179183
Muaiv_Muaiv49, 143143 190190 115118 205215 182200 136158 218230 147149 192238 155171 153173
Muaiv_Muaiv50, 131143 188188 121127 203209 158186 142152 220230 153155 228238 169173 193193
Muaiv_Muaiv51, 143145 184196 121121 205207 180214 138140 228230 157159 194208 153187 175191
Muaiv_Muaiv52, 143143 188196 115121 189211 152194 126152 210232 153155 212238 155159 193235
Muaiv_Muaiv53, 141141 204210 121127 189273 152158 126142 222238 153155 186224 153171 173177
106.03 0, 133143 216216 115124 189205 166240 136150 228234 157159 206228 155189 193195
Pop           
Yanu_Yanu1, 141143 190190 121124 185211 182182 136158 222228 157157 188212 155157 175183
Yanu_Yanu2, 149161 188192 115127 201201 158158 132136 220230 155157 194238 155161 149179
Yanu_Yanu3, 143143 190210 115121 207215 164186 126130 228230 155155 194222 159189 175181
Yanu_Yanu4, 143143 190204 121121 211219 158164 130130 228232 155157 186258 189189 169175
Yanu_Yanu5, 143143 188188 121121 211239 168180 136140 228230 155157 178184 165177 155193
Yanu_Yanu6, 135143 184194 121127 201201 158158 136152 228230 155157 224240 155161 149193
Yanu_Yanu7, 143163 188190 121121 193203 170192 134142 220228 153155 194194 171175 175187
Yanu_Yanu8, 143151 202202 121124 189219 146182 134142 222228 153153 188192 165181 177193
Yanu_Yanu9, 143143 190226 121127 185219 170210 138142 218230 155159 198212 155171 155189
Yanu_Yanu10, 133143 190190 127127 189215 162168 126148 228236 153155 186188 155163 181197
Yanu_Yanu11, 143153 000000 115121 205215 160164 130152 226228 147147 212228 161163 157171
Yanu_Yanu12, 143143 000000 121121 183211 180180 142162 228232 151155 194222 173189 175183
Yanu_Yanu13, 143143 188188 121127 201213 158212 126140 228230 155165 214236 161189 175175
Yanu_Yanu14, 143143 184210 121127 189201 158190 126136 228228 159163 182194 153161 177193
Yanu_Yanu15, 143145 184196 115127 177207 154182 134136 230232 141161 184224 189189 155163
Yanu_Yanu16, 131133 190196 121124 211219 170214 142154 228228 157159 222232 171173 165193
Yanu_Yanu17, 141145 190190 121124 183205 158158 126150 220236 153155 236238 155197 173177
Yanu_Yanu18, 143143 184188 127127 211213 164218 150154 228234 155155 184256 155163 173189
Yanu_Yanu19, 131143 190200 121133 207213 184186 136142 228236 153155 200206 147167 169173
Yanu_Yanu20, 141143 188196 121124 207211 196220 134152 230230 157161 212230 161179 193193
Yanu_Yanu21, 143143 200216 121127 183207 158194 136140 228228 157171 212222 183185 165193
Yanu_Yanu22, 157157 184212 121124 189217 184204 136168 206230 157159 188242 153183 173187
Yanu_Yanu23, 141143 184198 121121 205211 158172 134136 216226 155155 216218 171189 183195
Yanu_Yanu24, 143161 188190 127127 175217 152186 134142 228230 155159 228232 153189 165177
Yanu_Yanu25, 143143 184212 121121 185207 172182 152152 226228 155155 222234 163189 175177
Yanu_Yanu26, 143143 190212 121127 207211 188202 142142 222230 149155 194232 161167 177185
Yanu_Yanu27, 143145 188190 121127 189201 156206 138140 230236 153161 238250 189189 165173
Yanu_Yanu29, 143153 184188 121124 189217 152218 130142 220228 155161 230246 153173 175177
Yanu_Yanu30, 143143 188190 118127 207211 164170 136142 220228 157161 186206 171177 155179
Yanu_Yanu31, 143161 190202 121124 185189 158224 136166 228228 155155 222226 161189 149155
Yanu_Yanu32, 143143 184188 121124 207213 196198 150154 230232 153155 194236 175189 165177
Yanu_Yanu33, 143143 194206 115127 201213 208214 162166 228230 155159 212236 153155 175177
Yanu_Yanu34, 143143 184224 124127 199211 148178 136158 222232 155161 224224 173179 165175
Yanu_Yanu35, 141141 184208 115121 207207 158164 130140 220230 147157 224224 177189 177177
Yanu_Yanu36, 143159 204204 121127 189207 158188 136136 228228 153155 212232 155155 171193
Yanu_Yanu37, 143143 184184 121121 205219 158158 136136 230232 155157 226232 161189 175179
Yanu_Yanu38, 133141 184188 121127 203207 146158 142158 240240 149155 236240 159189 165175
Yanu_Yanu39, 141143 184198 121127 201203 144168 126174 220228 153155 204228 155155 165175
Yanu_Yanu41, 131141 202202 115121 195207 158158 134136 222228 153157 206222 155187 175183
Yanu_Yanu42, 133133 196202 121127 189213 164214 136142 228228 147153 224238 189189 163173
Yanu_Yanu43, 143143 184190 121127 211233 172222 140142 228230 159177 192226 155159 175181
Yanu_Yanu45, 143143 184188 121121 183209 148148 152162 226230 155157 212222 159159 173175
Yanu_Yanu46, 141143 184190 124127 179223 158178 140162 220230 153159 212236 161189 177185
Yanu_Yanu47, 143143 188202 121124 183201 146196 142150 230232 157159 212216 171191 177179
Yanu_Yanu48, 143147 194208 124127 191207 182182 126134 228228 151153 256256 155183 167193
Yanu_Yanu49, 131131 186210 115115 211211 166196 134136 230240 155155 236258 155189 165175
155.22 0, 143143 224224 121124 205247 160196 126148 206222 155155 192228 155189 155155
Pop           
Taga_Taga1, 133145 188190 121121 201205 158182 142162 220228 153155 184228 155179 175175
Taga_Taga2, 131145 188198 121124 189235 148214 152170 230230 153155 222260 163167 165173
Taga_Taga3, 133143 210210 121121 207211 158168 134150 230238 149153 234236 157189 153195
Taga_Taga4, 143145 188188 121121 189207 158180 132136 220228 153175 240256 157189 175179
Taga_Taga5, 141141 190190 121127 173189 158218 126132 230230 153155 220236 161169 175193
Taga_Taga6, 133143 188188 121127 189207 170208 130148 210230 151155 188236 159161 173177
Taga_Taga7, 143163 210210 121124 177185 214216 120136 210228 155159 194256 159163 159193
Taga_Taga8, 143143 184184 124127 189201 164232 136138 222222 151155 212236 155189 177193
Taga_Taga9, 143143 188232 121121 185203 222224 142142 228230 159167 212238 159175 175193
Taga_Taga10, 133143 212212 115121 165207 158164 138160 232232 157157 236242 155189 173175
Taga_Taga11, 143143 194194 115127 183205 192194 126126 228230 151159 194230 175175 161177
Taga_Taga12, 131143 190204 115127 205227 190200 126140 228228 163169 184228 161161 177193
Taga_Taga13, 143143 188196 121127 189207 164212 140166 228228 157163 188196 155189 157189
Taga_Taga14, 143161 190196 121124 193213 184184 136150 228228 157163 250260 161179 165177
Taga_Taga15, 143143 214218 124127 189233 170196 152164 228230 155157 192212 163187 179185
Taga_Taga16, 143143 190218 121121 211211 168202 136154 228242 155155 190194 155183 155165
Taga_Taga17, 119143 184198 115115 213223 160192 136150 228230 155159 214222 155155 155165
Taga_Taga18, 131143 184198 121121 189197 160192 136150 228230 155159 214222 155155 155165
Taga_Taga19, 141143 184190 121127 185205 158190 126136 228230 155155 192222 147169 157171
Taga_Taga20, 143161 184224 121127 207213 190196 136140 230236 157175 192222 155155 171177
Taga_Taga21, 145161 184204 121127 183203 148170 138150 230230 155155 230240 159163 165177
Taga_Taga22, 147153 196196 121124 203209 158180 134138 228244 153155 184236 173197 173175
Taga_Taga23, 141143 188212 115130 177191 180186 130162 220230 155159 194236 155193 147181
Taga_Taga24, 135143 184190 121121 177199 148168 136150 218228 155159 212238 163171 149195
Taga_Taga25, 143143 212224 118127 183189 000000 142142 228230 153155 236256 155155 163173
Taga_Taga26, 143145 212212 121121 183211 190200 136148 230232 147155 228236 159193 177179
Taga_Taga27, 141143 184226 121124 211217 158170 136140 228230 153153 236256 155157 155155
Taga_Taga28, 133143 198198 118124 189189 168186 134158 228228 155157 198258 177181 177183
Taga_Taga29, 141143 194194 121127 181187 148186 136136 228228 153153 226236 155155 177193
Taga_Taga30, 141143 184184 121127 183211 148148 136152 228232 143153 204212 155161 171193
Taga_Taga31, 143143 216228 115124 175211 150210 140140 228228 159165 206212 161175 173185
Taga_Taga32, 143145 180216 121127 189199 148210 140142 228228 159165 206212 161175 173185
Taga_Taga33, 141143 184188 121124 213219 182192 126134 222228 155157 194212 169179 177183
Taga_Taga34, 143153 188188 118121 207211 198220 150170 210228 155155 202236 159159 175183
Taga_Taga35, 131143 184210 121121 205209 206218 136142 228238 153159 194240 155155 159193
Taga_Taga36, 131133 000000 121127 207221 180180 130142 228230 155155 206228 173179 153175
Taga_Taga37, 143149 200200 124127 177207 158224 120158 228230 147157 228258 155167 157165
Taga_Taga38, 133145 184188 115121 181201 180222 136152 224228 155155 228236 185193 153203
Taga_Taga39, 143161 196196 121124 189203 164214 142142 228234 155157 212228 175175 155177
Taga_Taga40, 143143 190212 124127 209213 168198 126132 230232 155155 188208 155189 193193
Taga_Taga41, 145161 202202 127127 185201 206224 150154 228230 153155 212240 161189 181193
Taga_Taga42, 143145 188230 121121 185219 160160 152152 228228 153155 212236 169177 177177
Taga_Taga43, 131137 204234 115121 197217 198198 134142 230232 153155 236238 145159 165193
Taga_Taga44, 133143 188206 121124 183195 156218 134140 220228 155155 228232 155163 195197
Taga_Taga45, 143157 190190 115121 205211 158192 134136 228232 155157 194236 155193 155179
Taga_Taga46, 141143 190190 124133 215245 158164 136136 220228 147153 194250 175189 175177
Taga_Taga47, 143161 208208 121127 201205 152196 142164 230232 153169 194212 161165 159159
Taga_Taga48, 141159 212212 121121 183211 186218 118160 220232 155157 194214 151175 169183
Taga_Taga49, 143145 184190 127127 177189 158164 138142 228230 153155 204224 155161 155199
Taga_Taga50, 141143 190224 121127 185227 146162 136152 228230 153155 222232 165191 173175
Taga_Taga51, 133145 184196 115121 189215 158180 142166 228228 153159 194208 167189 169173
188.58 0, 143143 184188 121127 185197 164166 140142 222228 155155 198234 159171 177181
Pop           
Nadi_Nadi1, 141143 190196 127133 189223 148184 134162 228228 155175 228232 165189 163177
Nadi_Nadi2, 143145 202216 124127 201211 160182 120150 228240 155155 194236 159161 153155
Nadi_Nadi3, 133143 190190 115127 211213 180186 140154 228230 147159 206226 159181 175177
Nadi_Nadi4, 143145 184204 118124 205205 180186 130134 228230 155155 188254 155167 165193
Nadi_Nadi5, 143143 188188 121121 197209 146158 144158 220228 147153 238248 159159 153177
Nadi_Nadi7, 141145 196224 121121 185185 180180 136160 210230 153155 186198 169171 175187
Nadi_Nadi8, 133143 204206 115118 201211 186208 130142 226230 157157 192216 163189 171193
Nadi_Nadi9, 133133 188188 121124 201227 164166 150154 228232 155155 194212 155177 175179
Nadi_Nadi10, 143143 184196 121127 207211 184188 142142 220230 155159 212232 161189 163177
Nadi_Nadi11, 143143 204210 124127 207219 164192 136136 220230 157161 186256 155171 175243
Nadi_Nadi12, 131143 202224 121127 189207 164196 130140 228228 153155 212236 161179 165175
Nadi_Nadi13, 133145 186190 121121 207247 160168 136152 228240 157161 194212 165183 165183
Nadi_Nadi14, 143143 198198 121124 189207 146196 120140 226228 153159 200212 155173 155173
Nadi_Nadi15, 143153 190190 121127 211217 146190 136142 228228 153153 194236 145155 155179
Nadi_Nadi16, 129143 186212 127127 177213 158208 142154 228230 149155 184192 171189 165177
Nadi_Nadi17, 143143 188212 121121 185207 148164 136152 228228 147155 208212 189189 155197
Nadi_Nadi18, 129141 188212 121127 207211 148214 140150 228228 155159 192256 153157 153175
Nadi_Nadi19, 143161 184212 115121 177213 148148 134164 222228 155155 212234 167189 171173
Nadi_Nadi20, 141143 186216 124124 175187 168186 136142 230230 147155 192212 171181 163183
Nadi_Nadi21, 141141 190212 124127 171205 174174 138138 228240 157163 202222 159189 173173
Nadi_Nadi22, 133161 212224 121121 207219 170202 136152 228230 155155 222228 155177 167173
Nadi_Nadi23, 143143 200204 115121 207211 158200 136168 228230 153161 228238 185203 175213
Nadi_Nadi24, 133141 204204 124124 203213 188196 126136 228230 155157 222240 153167 177183
Nadi_Nadi25, 141143 000000 121133 213213 166194 120134 228228 155159 212222 173177 149153
Nadi_Nadi26, 141143 188190 124127 211289 170188 136136 228228 153157 192192 149155 179181
Nadi_Nadi28, 133143 226226 115121 193211 146224 000000 224226 149167 218236 179193 161163
Nadi_Nadi29, 143151 188212 121121 207211 146182 130140 228230 147153 204236 155155 173183
Nadi_Nadi30, 143161 192224 115121 177199 158192 136152 228238 153159 222228 161189 173177
Nadi_Nadi31, 145161 190190 121124 183215 146184 136162 228230 161163 178236 157189 169175
Nadi_Nadi32, 143143 188200 121121 185189 174218 130150 216230 147155 188236 161189 179219
Nadi_Nadi33, 145161 184190 124127 203207 158230 154170 228230 155157 194232 169189 175179
Nadi_Nadi34, 143143 184214 121127 203255 158180 132136 220228 147153 194212 155155 165179
Nadi_Nadi35, 141165 190190 121124 203213 184184 126142 216230 155157 188240 153161 173177
Nadi_Nadi36, 143143 190190 121121 177211 168170 136136 228228 157171 188234 153169 165185
Nadi_Nadi37, 143143 184190 115115 175201 164192 136158 230230 157157 234240 153181 173175
Nadi_Nadi38, 141163 190190 121127 189207 158182 126154 230230 155155 192228 169171 175177
Nadi_Nadi39, 141149 184184 121124 177217 168168 140142 228228 153159 192236 161171 165175
Nadi_Nadi40, 133143 196196 118121 201213 208216 134140 228228 155155 236236 189189 155163
Nadi_Nadi41, 133145 184184 115127 207211 182182 136136 218230 153157 228236 181187 173193
Nadi_Nadi42, 141143 188188 127127 217235 168216 136172 220228 155159 198222 155169 173179
Nadi_Nadi43, 141141 188212 121133 185207 198198 140140 228230 155157 188230 167189 175177
Nadi_Nadi44, 143143 190190 115124 185211 178184 140140 230236 153155 194256 153189 161229
Nadi_Nadi45, 143145 188204 121124 189221 158158 130152 230230 153161 192258 155165 179235
Nadi_Nadi46, 143161 224224 121121 207211 216218 164196 220228 151153 222236 165167 193195
Nadi_Nadi47, 133143 188190 115121 185201 158164 132166 218228 157159 188222 177177 155173
Nadi_Nadi48, 133143 182188 115127 211227 178194 136158 230232 155155 222222 153167 161181
Nadi_Nadi49, 143143 184184 121127 181217 158162 130142 228238 163165 230238 189193 155171
Nadi_Nadi50, 143143 184202 121124 183201 164194 136142 228230 149149 216232 153163 155193
Nadi_Nadi51, 143143 188190 124127 183217 188190 134154 222236 159159 206232 161161 165177
Nadi_Nadi52, 131143 184184 127127 201211 158158 142144 220228 153155 234240 155189 193199
273.50 0, 143143 184184 115121 203211 164182 136136 220228 155155 192212 153159 179193
Pop           
Mata_Mata1, 133141 210212 121121 189203 152172 140142 228230 157161 212226 155159 155157
Mata_Mata2, 143161 184190 121121 207219 182204 136140 228230 155155 198212 163189 165183
Mata_Mata3, 133147 190224 121121 183213 192206 126136 228230 153155 186236 181195 175175
Mata_Mata4, 141143 198198 121127 211211 182194 134140 222230 155155 188194 155181 161193
Mata_Mata5, 141141 194194 121124 211213 158188 126136 228230 141157 232256 149189 169173
Mata_Mata6, 133141 188212 121127 189211 158158 130170 228228 157161 232256 155189 171177
Mata_Mata7, 143143 188202 121127 203215 152158 148152 228230 153173 192228 159169 173173
Mata_Mata8, 141141 198198 121121 211221 170208 142168 228228 155155 220232 175175 163177
Mata_Mata9, 141143 196202 121127 185207 214216 140172 230236 147149 192242 159161 173179
Mata_Mata10, 153159 190196 121124 203217 148220 126142 228230 153155 212258 161193 193193
Mata_Mata11, 143159 190212 121130 185189 216218 126150 228228 155155 198232 145161 173195
Mata_Mata12, 133153 188190 115121 205207 164218 152164 224232 155155 222224 153159 157165
Mata_Mata13, 143159 188208 124127 193207 158196 146166 230238 153155 206236 155155 179201
Mata_Mata14, 141143 184184 115127 197211 162214 140154 228228 153155 228232 139155 153193
Mata_Mata15, 133133 186186 124124 187187 158202 126140 228242 153153 204222 159161 163177
Mata_Mata16, 119161 192192 121127 211211 180190 132154 228228 153155 194212 153197 157177
Mata_Mata17, 143143 190228 121127 207207 190190 126136 222228 149155 192238 155189 175183
Mata_Mata18, 143143 198224 121124 183195 182192 126136 228228 147155 220232 155191 193195
Mata_Mata19, 129143 196196 121124 207211 192200 142142 228234 159159 192256 167187 165195
Mata_Mata20, 143145 184184 121130 205209 158210 136150 218222 151153 222250 155185 169193
Mata_Mata22, 141159 204204 115121 207251 168180 132136 228230 149153 194258 163163 177177
Mata_Mata23, 143143 204208 121121 205209 146156 126140 228228 155155 194244 161169 169177
Mata_Mata24, 143159 184224 121127 211219 158190 142144 228228 147155 192218 155169 159175
Mata_Mata25, 135145 184212 121124 177185 180198 140154 232232 153177 198232 147155 155175
Mata_Mata26, 141143 184190 121133 193211 148200 134136 228238 159161 208234 155181 165181
Mata_Mata27, 141143 190208 121124 173189 186224 132158 228228 155173 236236 157189 179193
Mata_Mata28, 141143 188188 121124 207223 158168 120138 228230 155159 212236 153183 177179
Mata_Mata29, 143155 188188 121127 177217 184190 154168 224228 153157 236240 161167 179191
Mata_Mata30, 143145 210226 115124 183213 192220 134136 230230 155181 194236 175175 177179
Mata_Mata31, 133143 190190 121124 211221 164190 144152 228230 155157 250256 159161 163177
Mata_Mata32, 131143 184190 121124 189207 204216 136152 228228 155183 224240 153171 179197
Mata_Mata33, 141145 180192 121127 189219 182184 136136 220232 157161 186232 155155 153177
Mata_Mata34, 145153 184188 121121 207213 148202 126138 228240 153155 232234 155161 183197
Mata_Mata35, 145145 190198 115121 183189 174216 120142 228230 147159 216264 155161 173173
Mata_Mata37, 141145 188212 115127 185211 164168 126140 228244 147159 212234 175189 155165
Mata_Mata38, 141143 188190 121127 177197 168184 138140 228240 147155 188234 163189 177179
Mata_Mata39, 143145 198212 124124 189211 158182 136142 228230 157157 196228 179191 171175
Mata_Mata40, 133143 184202 121127 189207 190190 136152 222228 153155 194232 155155 175177
Mata_Mata41, 133143 184190 121124 183209 158204 136142 228228 155155 194264 161161 173175
Mata_Mata42, 143145 188202 121121 183205 158184 120136 230230 153155 222254 157157 157179
Mata_Mata43, 133143 210210 121127 199225 158228 136150 220230 153157 188206 171179 173177
Mata_Mata44, 143143 184190 121121 189253 168186 120136 228254 155155 184222 171189 175179
Mata_Mata45, 133143 000000 121127 189207 164164 136138 228230 153155 212236 155189 155177
Mata_Mata46, 141143 198198 121124 177209 158158 138172 230234 155157 206264 153161 155175
Mata_Mata47, 141145 184184 121124 189189 166192 130162 220222 155157 222222 161171 165175
Mata_Mata48, 133147 188212 121121 211233 164164 136170 228230 153155 234236 163173 161179
Mata_Mata49, 143143 192198 121121 189205 168178 136152 222228 153157 184236 155159 155175
370 0, 131143 184224 115121 209257 164196 132136 222238 153153 182258 159193 173177
Pop           
Tave_Tave1, 143153 188212 115121 205211 158198 146152 224230 155157 210236 167171 165177
Tave_Tave2, 143143 216224 121124 201203 162162 120126 228228 151155 186232 155171 173187
Tave_Tave3, 143161 194230 121127 187207 158204 134136 228230 155169 194228 161189 167177
Tave_Tave4, 143153 188188 121127 177207 192192 140142 226236 153155 254264 161189 177193
Tave_Tave5, 141141 184212 121127 215215 158234 136136 228228 153153 192206 159167 171175
Tave_Tave6, 141143 188188 118121 185213 146146 136152 228228 155155 222234 167185 193193
Tave_Tave7, 143161 210210 121124 199203 164190 126140 228228 155155 194236 173193 171195
Tave_Tave8, 141145 184190 124127 207249 158220 134142 226230 155155 192228 171171 177183
Tave_Tave9, 131145 212218 115124 219229 188190 126136 220232 159167 232256 159161 165177
Tave_Tave10, 143161 000000 121121 203213 158206 136150 228230 153171 212236 163181 165177
Tave_Tave11, 133143 196196 121121 199207 152196 142160 220224 153157 188236 161187 169177
Tave_Tave12, 133143 188212 121121 215223 158164 142170 230230 157173 212236 157189 173177
Tave_Tave13, 145145 190190 121130 213217 168168 136150 228232 155157 186228 161185 157177
Tave_Tave14, 141143 188188 121121 205213 192198 142162 228230 155175 194222 167191 183195
Tave_Tave15, 133143 196218 115121 201207 158170 134140 228230 155157 194232 171185 175177
Tave_Tave16, 131141 198212 115121 189237 158218 140168 226228 147157 222244 155163 177177
Tave_Tave17, 143143 226232 121127 203215 158164 142158 222230 147155 232236 155185 155193
Tave_Tave18, 131143 188188 121124 197219 158192 158168 216218 149157 210210 155163 165167
Tave_Tave19, 133143 188208 121127 207211 158172 140142 236262 157161 226236 167189 177177
Tave_Tave20, 141141 184190 121127 183211 190202 130142 228230 153175 192226 159189 173177
Tave_Tave21, 143161 190212 115127 185205 158190 140156 210230 147161 178218 153161 165165
Tave_Tave22, 133133 184184 124127 177211 148198 138138 228230 155163 192222 157161 179193
Tave_Tave23, 131161 200200 127133 185219 192214 142150 220228 153155 192206 153159 153197
Tave_Tave24, 129143 204204 121124 189203 158158 126134 228228 155155 256256 155189 177185
Tave_Tave25, 133145 190190 121127 177209 210210 142142 218228 153153 186236 163173 161169
Tave_Tave26, 143145 208210 121127 197207 158162 136152 222230 157159 188236 159163 163169
Tave_Tave27, 143143 184188 115127 189197 156158 134134 222230 153161 206228 153153 173197
Tave_Tave28, 133141 190190 121127 183191 158164 142158 228232 155157 188230 155187 159175
Tave_Tave29, 145147 188224 121127 211225 190198 138158 228228 147155 188194 161175 175193
Tave_Tave30, 143143 186186 115121 183211 180196 130142 220228 147153 178230 155159 175211
Tave_Tave31, 141143 188210 121124 185227 184214 136136 228230 155157 194230 161181 175193
Tave_Tave32, 131143 188208 121121 175213 158192 120134 228228 153153 228240 161163 155215
Tave_Tave33, 131141 210210 121124 211211 146158 138142 220230 155155 212256 189191 175183
Tave_Tave34, 141145 188188 121121 207221 158182 120142 218228 155161 194228 169177 177185
Tave_Tave35, 143145 184184 121127 183189 180216 120136 220228 155155 212212 159175 163177
Tave_Tave36, 143153 188200 115121 189197 158164 140154 224230 155157 192222 155161 169193
Tave_Tave37, 141143 184188 115127 207219 190206 126164 230234 153161 222256 159163 179181
Tave_Tave38, 133141 194194 121127 189199 190196 162172 222234 147159 212228 163171 183229
Tave_Tave39, 143143 190212 121124 211213 158164 130136 228228 155155 236266 163165 191193
Tave_Tave40, 141143 222222 121121 205211 148192 134138 220228 153165 192212 155167 179193
Tave_Tave41, 143143 188190 115121 173183 158202 126134 230230 155155 194212 155159 173177
Tave_Tave42, 143153 186186 121121 205211 190190 136150 228228 155155 194232 145151 175193
Tave_Tave43, 133133 188188 127127 189191 168188 126136 232232 155157 224228 171173 177177
Tave_Tave44, 143145 194196 115121 177211 164216 136142 220230 153153 240248 153189 175189
Tave_Tave45, 143143 188208 121127 177207 158200 134140 230234 155155 192194 153155 173173
Tave_Tave46, 131143 184226 121127 185221 158200 120142 216230 153155 222236 149159 177195
Tave_Tave47, 143145 000000 121121 201211 192204 120142 216230 155157 188222 155189 167167
Tave_Tave48, 141143 184184 115121 207213 192204 120162 228230 155157 178188 155155 155165
Tave_Tave49, 141143 190190 121127 203215 164180 136136 228232 155155 232256 155177 175175
378.13 0, 131143 184188 115127 205233 168224 136142 224230 155155 186192 163171 171181  