0.8350894 1973.896 0.9844827
0.8419278 4802.951 0.8519259
0.8571667 920.7257 0.9709941
0.8579573 6720.275 0.5375419
0.8685254 8910.902 0.9954564
0.8686817 1062.522 0.9857122
0.8707323 5939.227 0.1676698
0.8725458 2955.498 0.7626103
0.881585 3341.731 0.9879317
0.8834323 9200.28 0.9998869
0.8870401 11536.32 0.9996586
0.8974542 6241.31 0.1676698
0.9012152 2437.684 0.732957
0.9039696 893.1118 0.9923594
0.9040264 7144.401 0.9805037
0.9044882 9692.315 0.9965418
0.9054064 2496.803 0.9976876
0.9072481 3277.673 0.9920059
0.9092046 7040.687 0.9951932
0.9108525 4151.664 0.9946154
0.913555 5563.197 0.9991236
0.9152382 6734.472 0.1676698
0.9158088 5817.848 0.6969987
0.9164153 4154.088 0.8134886
0.9166955 1119.298 0.9708918
0.9189636 3698.761 0.9772559
0.9223226 1851.941 0.9976542
0.923932 1024.765 0.9965799
0.9242922 4396.971 0.9979692
0.925015 2789.522 0.9931146
0.9260235 4576.104 0.8838127
0.9293275 1524.838 0.7592551
0.9296366 6272.043 0.1676698
0.9300553 1606.743 0.9849222
0.9332624 1394.32 0.9813323
0.9337515 3456.074 0.85638
0.9338488 10318.57 0.1676698
0.9338961 9301.902 0.9524132
0.9376207 2022.345 0.9847551
0.9414557 1947.619 0.8251046
0.9421141 2125.78 0.9962007
0.9436411 10817.33 0.9973662
0.9451457 5706.409 0.9885407
0.9462989 10683.48 0.9994213
0.9471555 4060.445 0.4991738
0.9489497 5943.255 0.1676698
0.950667 7048.145 0.9579384
0.9594611 6339.864 0.9147992
0.9629086 4300.487 0.9116994
0.9653718 5053.743 0.9825692
0.9658778 9798.419 0.9649252
0.966031 3312.354 0.9283623
0.9680189 7050.756 0.992882
0.9704542 10862.87 0.4235452
0.9727917 1126.225 0.9741789
0.9727951 6495.173 0.9639547
0.9730881 906.6524 0.980188
0.9740506 10631.46 0.9970394
0.9755745 7854.545 0.9998349
0.9762843 1735.287 0.97192
0.9786191 9010.764 0.9880137
0.9793226 3958.955 0.9555083
0.9803684 4868.82 0.9966448
0.9823393 9780.453 0.9963919
0.9871139 2812.305 0.992089
0.9881726 7784.265 0.819951
0.9907728 6732.42 0.9911225
0.9911199 4110.976 0.8743657
0.992435 5143.908 0.9795386
0.9939937 2104.428 0.9104421
0.9954087 2379.001 0.9967077
0.9988986 5632.353 0.593191
0.9991354 7648.046 0.9870734
0.9998287 10751.81 0.9438199
1.001274 8042.319 0.999844
1.004706 4911.842 0.9798623
1.010829 8735.159 0.9928244
1.013344 1525.32 0.991418
1.018875 1105.241 0.9491253
1.020307 5265.718 0.9961062
1.022006 7373.537 0.9967397
1.022646 9270.279 0.9945543
1.023045 6276.293 0.5525803
1.023327 8940.005 0.9124097
1.023382 1340.119 0.9893531
1.02441 1890.209 0.9899036
1.029974 1995.255 0.9670499
1.030755 6678.304 0.9983438
1.031233 997.3297 0.9865175
1.03141 5798.859 0.6897834
1.032443 971.9378 0.9892878
1.036991 1294.639 0.9384187
1.038443 6931.301 0.9996259
1.038575 1367.292 0.9814699
1.039328 2431.036 0.9861311
1.039374 457.7336 0.9021994
1.039795 5117.244 0.9711699
1.040671 5674.008 0.9929868
1.041121 1212.928 0.9420528
1.041134 4298.801 0.4589927
1.041554 5096.808 0.8033837
1.04324 4020.118 0.6946085
1.044429 804.2559 0.9826661
1.044445 1346.71 0.8438871
1.044639 1257.007 0.8591869
1.045012 8940.786 0.964214
1.045316 2388.708 0.7719664
1.04714 9304.388 0.9994693
1.047926 8289.38 0.8102772
1.048907 1522.717 0.9921501
1.049153 1481.774 0.9884875
1.049894 1011.214 0.9941355
1.050267 1040.399 0.9131677
1.051112 2977.298 0.9827244
1.051597 1436.503 0.9899956
1.05513 2942.426 0.9952467
1.055456 6641.091 0.9994522
1.057528 879.0872 0.9251374
1.05765 1990.883 0.9976733
1.061421 4320.031 0.9440422
1.061808 1089.309 0.9806258
1.061864 1370.544 0.98241
1.064801 10826.53 0.9652689
1.066731 871.6409 0.9866664
1.066926 1392.48 0.9729947
1.069363 445.5751 0.9079465
1.06965 4920.253 0.9161453
1.069914 1228.322 0.934619
1.072796 1124.283 0.9943545
1.073789 6968.008 0.9968021
1.075244 5637.67 0.9992351
1.076707 4923.478 0.9981874
1.078453 6692.92 0.9873425
1.081325 1588.206 0.9384941
1.083477 1153.037 0.8965265
1.08394 6387.991 0.9989944
1.084418 5877.671 0.9931033
1.086632 2456.693 0.9948497
1.087645 5430.513 0.7623977
1.088973 7403.145 0.9939532
1.090183 1270.704 0.8687851
1.092356 843.0207 0.9837996
1.092745 1898.337 0.8079528
1.094982 12920.31 0.1676698
1.095104 6339.115 0.9700729
1.0955 8877.797 0.8985712
1.098206 5994.14 0.9401265
1.100711 7088.955 0.4391983
1.102258 2421.914 0.9907412
1.106646 5275.872 0.7794983
1.108644 843.2651 0.9714406
1.112781 1546.056 0.9153498
1.115564 8711.365 0.5555866
1.117772 837.2267 0.9698993
1.118424 9043.892 0.9254294
1.118504 8570.112 0.9997726
1.118872 1195.079 0.9452575
1.119322 6575.202 0.8285518
1.119469 4559.699 0.8621836
1.120152 6696.367 0.9957031
1.122306 1034.994 0.9693812
1.123566 3933.299 0.9682142
1.123684 12834.13 0.1676698
1.125155 1509.458 0.880039
1.128736 2107.406 0.9965507
1.132836 8319.77 0.9522241
1.134676 8917.779 0.8792758
1.138243 5512.123 0.6064368
1.140025 5095.861 0.4239117
1.140659 7688.926 0.9984804
1.140802 1265.911 0.8271544
1.140861 1506.775 0.9897837
1.141604 1538.463 0.9933848
1.141835 8933.852 0.7759828
1.146257 7016.176 0.9684245
1.147014 2209.18 0.9823782
1.148252 6404.849 0.9121879
1.148658 2581.919 0.9950814
1.150236 1006.636 0.9713045
1.153252 7003.634 0.7866989
1.154987 2303.962 0.9926243
1.15963 671.8821 0.9907128
1.160535 937.8007 0.9904713
1.161803 1194.045 0.9105764
1.162629 4513.04 0.9990097
1.162886 4657.173 0.9964382
1.16395 8487.377 0.9994929
1.164911 10650.4 0.4681285
1.166096 4205.878 0.9066728
1.168134 1241.97 0.9187113
1.170273 7245.14 0.9978324
1.172718 1559.84 0.5193032
1.173208 2871.724 0.7942693
1.17683 5114.003 0.9986778
1.17835 6392.86 0.1676698
1.178525 5821.897 0.5917071
1.178638 8049.373 0.9963548
1.190803 10890.44 0.9624698
1.195951 5437.518 0.9899951
1.198924 11580.31 0.8835211
1.199079 2681.346 0.9662621
1.207051 6164.747 0.7892599
1.208027 6759.171 0.272836
1.208598 8282.648 0.9901515
1.208806 1192.709 0.8749993
1.21038 1193.892 0.9084388
1.215363 1192.725 0.881516
1.218144 2163.959 0.9785301
1.221276 6117.808 0.9937382
1.222131 3572.481 0.1676698
1.222944 3946.333 0.9966934
1.224363 7615.134 0.9402085
1.224864 5440.656 0.9125499
1.227701 4992.861 0.8803567
1.230051 3358.288 0.9425219
1.232852 8149.036 0.9995915
1.234446 5567.106 0.1676698
1.235189 2301.903 0.9407589
1.239501 4624.009 0.9263663
1.243062 2165.132 0.5710278
1.244783 8106.757 0.9974546
1.24519 2321.748 0.9916146
1.246991 8334.844 0.8180135
1.250115 1191.942 0.8627087
1.251118 3246.24 0.9956482
1.257311 1587.514 0.9893197
1.258442 7025.826 0.9694014
1.262404 10804.91 0.9997902
1.265024 3927.356 0.9971108
1.267072 8840.39 0.9431792
1.268356 3528.021 0.9650264
1.270237 10492.95 0.9810522
1.274132 6558.458 0.9810217
1.279014 2487.218 0.9945322
1.280271 6560.373 0.99951
1.284001 3611.632 0.9905145
1.289107 3955.724 0.9371492
1.293982 1169.824 0.9287413
1.295852 8601.02 0.9996803
1.307338 10656.46 0.877533
1.311686 9199.33 0.9983964
1.324581 6210.244 0.9991311
1.330226 5434.886 0.1824202
1.330779 9340.177 0.8907755
1.334579 1707.767 0.9920157
1.342003 7367.004 0.9996211
1.342745 11463.81 0.9998869
1.348729 2634.504 0.1676698
1.354947 4945.801 0.6729107
1.400934 1152.017 0.9940269
# initCovFnParam= 0.847972954950708 1186.23019447012 27.1159844718647 4
