0.8450337 12217.8 0.7593071
0.8562225 10669.47 0.9997438
0.8578307 7144.757 0.9983685
0.8597081 972.6966 0.9317325
0.860873 1193.801 0.9956718
0.8636639 2562.018 0.5449676
0.8686512 3725.685 0.9262195
0.8724284 3696.305 0.8341004
0.8809837 2250.69 0.4322001
0.8856396 9610.789 0.9998446
0.8876322 4988.179 0.09638421
0.8933943 3975.583 0.9971895
0.8938288 10490.35 0.99992
0.8943994 8746.842 0.9974691
0.8955337 4684.738 0.9739279
0.8955406 2880.666 0.9985104
0.8960295 3452.562 0.9991191
0.8988848 11637.29 0.9998503
0.9031505 3967.041 0.9969948
0.9034691 8164.176 0.9998026
0.9097372 8758.776 0.992419
0.9139153 10351.2 0.99992
0.9165672 8135.416 0.9856914
0.9168892 11798.08 0.9998659
0.9197664 8620.746 0.997187
0.921656 2900.823 0.9658842
0.9237647 4092.935 0.9987556
0.9241749 1034.116 0.9940243
0.9254857 3670.385 0.8904329
0.9257922 5183.512 0.9125284
0.9304912 5744.672 0.8501577
0.9363768 9674.923 0.8716897
0.9365778 1819.843 0.9944608
0.9464792 898.0064 0.8678025
0.9483492 8512.292 0.9918217
0.9497529 2382.683 0.9932271
0.9506328 12425.53 0.7055519
0.9539566 3357.401 0.9988432
0.9593572 8862.26 0.9734147
0.9598811 7307.329 0.9828643
0.9609494 5503.504 0.9996004
0.9640003 3554.886 0.9129443
0.965717 4060.367 0.6611173
0.9666617 3991.312 0.9351826
0.9679645 1343.007 0.9916131
0.9680549 4409.349 0.9994478
0.9758595 4578.247 0.9966712
0.9785676 6485.7 0.9955696
0.9804304 5070.519 0.9049353
0.982437 7618.657 0.09638421
0.983451 2592.543 0.9979389
0.9856991 6711.315 0.999178
0.9889296 5740.376 0.9988313
0.9917691 4668.586 0.9648793
0.9925197 2964.543 0.9942734
0.9945135 4108.455 0.9950135
0.9969451 5793.391 0.7672954
1.002392 5281.446 0.7809167
1.005251 8821.667 0.9787132
1.005609 6205.121 0.98359
1.014179 8709.483 0.9992606
1.016101 3821.69 0.9990411
1.016702 7928.125 0.9969729
1.016772 8276.259 0.9544506
1.018223 4877.194 0.9401671
1.020309 5957.771 0.9966421
1.022529 8156.233 0.9664875
1.023003 951.5839 0.9482902
1.023437 7341.234 0.651464
1.023741 7207.857 0.7233596
1.024518 629.0104 0.8833931
1.028998 6516.89 0.9957979
1.0293 3009.554 0.8961958
1.031167 5571.092 0.845102
1.032901 8391.876 0.09638421
1.033246 8265.01 0.9907015
1.034513 11486.23 0.9863668
1.036342 1323.07 0.9923822
1.036823 1224.946 0.7191185
1.037046 2949.433 0.9972729
1.037116 4089.88 0.9992847
1.038213 1273.043 0.9492661
1.039464 11243.02 0.9902926
1.040338 8167.552 0.855302
1.042056 1153.545 0.9669801
1.044213 966.8925 0.9611876
1.045012 1287.585 0.9901822
1.04761 4611.835 0.998263
1.047837 5029.649 0.9837299
1.048951 5313.866 0.884144
1.050206 4216.538 0.5481239
1.051383 1067.619 0.8697482
1.05184 7433.425 0.9970257
1.052722 1942.622 0.9751889
1.054441 1330.73 0.7505205
1.061138 6292.111 0.1899827
1.062493 6488.307 0.9580516
1.062799 9757.693 0.9913458
1.062829 1197.506 0.8779638
1.063538 7809.714 0.9612944
1.064131 1485.989 0.9636168
1.065047 6423.01 0.9981222
1.066681 4928.572 0.7966508
1.068036 518.1904 0.9476059
1.070737 1179.198 0.9950584
1.073812 1869.761 0.9968167
1.07684 469.0505 0.9394208
1.077578 782.0304 0.943204
1.077668 3259.659 0.9769019
1.078329 10819.36 0.5309499
1.07845 1195.946 0.919231
1.079366 3063.503 0.9966655
1.080596 1193.96 0.6828047
1.082974 5877.14 0.4739285
1.085064 1363.793 0.9823714
1.092056 680.3399 0.936049
1.093605 818.0275 0.9575367
1.093937 847.291 0.9917711
1.094212 4604.614 0.9988261
1.095807 1196.043 0.9182453
1.096528 1199.626 0.8722871
1.096657 639.0398 0.9514214
1.096989 914.72 0.98169
1.098561 1349.135 0.9964191
1.099413 1149 0.9858641
1.100626 1675.123 0.8463484
1.100969 6546.383 0.9990685
1.102636 1196.52 0.8949579
1.104065 1086.892 0.9961947
1.107022 1662.094 0.9835473
1.10848 3550.557 0.9973146
1.112991 2661.514 0.4802872
1.113159 1198.11 0.8733584
1.114509 579.1078 0.9517798
1.114825 7039.199 0.9940667
1.116484 7157.295 0.6925664
1.119275 8439.79 0.9968705
1.119486 1344.631 0.9937647
1.120795 2670.652 0.9357533
1.12282 1521.508 0.9942591
1.123981 794.5454 0.9699469
1.128559 2454.059 0.9671221
1.129403 1094.913 0.9923632
1.133014 1517.049 0.9086306
1.13795 1414.389 0.9877032
1.143758 2013.411 0.9877541
1.143855 7729.735 0.9960726
1.145036 1579.037 0.9511502
1.145339 4557.306 0.9887072
1.146365 2484.622 0.921916
1.146805 673.0301 0.9928059
1.148049 923.3778 0.9945245
1.15086 4129.923 0.9979227
1.151354 6936.929 0.9494076
1.152525 5719.113 0.3880385
1.154562 1284.712 0.9775063
1.158229 8984.693 0.9467789
1.158287 8176.274 0.9463199
1.158327 11320.76 0.999369
1.158528 5258.627 0.6043535
1.160167 1213.589 0.8905384
1.161905 8692.429 0.5498345
1.164546 1460.349 0.9959205
1.166877 725.5602 0.9841054
1.168053 12117.74 0.3705911
1.168658 6220.443 0.944882
1.172414 3555.858 0.948363
1.172607 8064.922 0.9993706
1.173998 9390.926 0.9905992
1.174854 10419.4 0.9987132
1.175354 7821.135 0.9973657
1.179979 3536.291 0.6821672
1.180373 7484.448 0.9832475
1.182623 8303.812 0.9802688
1.182748 5794.648 0.9827091
1.183326 735.2371 0.7261336
1.187424 5029.09 0.9516062
1.188917 9975.731 0.9980533
1.18899 9525.31 0.9270404
1.19104 4184.858 0.6746656
1.19163 2749.232 0.9609451
1.193502 5040.906 0.8366008
1.198169 9255.741 0.9653166
1.198454 5854.031 0.9986882
1.19861 7992.596 0.9879133
1.199519 3598.059 0.8919915
1.20025 5873.497 0.9706828
1.202801 1355.718 0.9217857
1.203552 7526.82 0.09638421
1.204139 6319.052 0.9988392
1.206084 5392.3 0.9970227
1.206193 1069.413 0.9956962
1.208966 2750.843 0.9368836
1.209661 5310.113 0.9649071
1.211552 2700.338 0.9934078
1.220019 3915.751 0.2490547
1.220047 1992.418 0.9972877
1.221591 2838.291 0.9960899
1.223474 10759.23 0.9994326
1.225943 3994.232 0.9973139
1.226565 6153.733 0.7415232
1.228982 5821.8 0.3623826
1.231523 5005.518 0.9985973
1.237116 8889.211 0.9965753
1.241334 10023.53 0.9953315
1.243301 5484.913 0.09638421
1.243578 2587.877 0.3256652
1.244062 9243.069 0.9771835
1.245626 5097.668 0.9983242
1.248697 2350.132 0.9957826
1.252397 1050.802 0.9933913
1.255273 11199.38 0.8783878
1.256378 3309.143 0.09638421
1.257947 9916.345 0.09638421
1.261477 5255.964 0.3666125
1.262744 2091.924 0.4198856
1.265874 3451.378 0.9977038
1.267653 1731.378 0.8088252
1.269964 10753.44 0.99992
1.271894 7641.147 0.8075151
1.279105 837.642 0.8432617
1.279744 4170.107 0.9947298
1.288637 6922.615 0.8849597
1.293862 3993.566 0.9939638
1.294047 2010.293 0.9397166
1.300452 833.7222 0.949865
1.301261 1655.953 0.3713108
1.302448 839.757 0.9808447
1.306368 4343.529 0.9063225
1.310773 5071.173 0.9921784
1.310981 10183.4 0.5550823
1.311224 5142.215 0.9847956
1.313654 5570.506 0.9907037
1.316849 11125.18 0.99992
1.31938 6940.061 0.9989889
1.326636 2752.076 0.7296446
1.334059 7810.696 0.811017
1.335017 2084.444 0.9816396
1.338539 8691.479 0.9933199
1.339786 6252.853 0.9978269
1.340208 5047.053 0.9953328
1.342574 4522.327 0.4247464
1.347182 2490.568 0.4930759
1.349111 793.6632 0.9905518
1.356404 7737.067 0.9416879
1.363341 1718.876 0.7238002
1.369828 4590.82 0.9975215
1.382668 2192.228 0.9972249
1.393117 4068.663 0.9964111
1.433368 3311.311 0.99992
# initCovFnParam= 0.866973768240896 1207.44812517893 26.9199813710612 4
