## Tue Mar  1 22:28:25 2022; Sample: 1; # of loci: 8; NrunsPerPoint=30;
## pointmin=1  pointmax=200 out of PointNumber=200
0.3775284 2430.019 0.9893171 280.9111 132.82957 598.95294 368.61929 324.79745 270.76352 596.30701 464.09558 3037.2764 
0.5114589 1460.448 0.9955767 279.56656 134.85753 588.18207 364.71014 322.10825 269.34238 585.72369 457.56677 3002.0576 
0.5343899 4952.868 0.9816333 279.81906 134.90073 587.30518 364.50027 322.11417 269.11853 584.95972 456.65158 2999.3694 
0.7874947 5525.698 0.9976506 280.71378 139.15436 576.06848 361.57184 321.02609 269.00177 574.09418 450.38437 2972.0149 
0.8283119 2570.817 0.9935737 280.87109 139.99992 574.44128 361.20096 320.92667 269.15961 572.53448 449.74411 2968.8782 
0.8809864 8864.036 0.9929395 281.55637 140.77904 573.34375 361.17465 321.24551 269.36484 571.5033 449.06729 2968.0347 
0.888021 5069.226 0.9911233 281.55707 140.9523 572.99591 361.08533 321.2001 269.39551 571.17419 448.96988 2967.3303 
0.9543592 1400.436 0.9787305 281.85025 142.42802 570.78711 360.64185 321.08072 269.84811 568.97784 448.26257 2963.8765 
0.9632792 2009.698 0.9734063 282.06592 142.4705 570.70575 360.70734 321.26544 269.82352 569.01599 448.15152 2964.2058 
0.9905181 1100.886 0.9738347 282.16437 143.20178 569.8515 360.50851 321.20633 270.11356 568.12183 447.9888 2963.1567 
1.005875 1859.271 0.9871836 282.55603 143.2524 569.74121 360.6225 321.41937 270.09482 567.96368 447.73767 2963.3877 
1.016141 3789.081 0.9964478 282.83279 143.28627 569.85028 360.78247 321.68283 270.12048 568.16931 447.66315 2964.3877 
1.040213 8815.225 0.9895593 283.23416 143.64154 569.56891 360.85913 321.92776 270.27115 567.93182 447.49594 2964.9302 
1.066798 8752.343 0.9948551 283.54346 144.11899 569.04352 360.8519 322.08762 270.44885 567.43042 447.28967 2964.8145 
1.071093 731.0877 0.9799229 283.0383 144.91927 568.33215 360.45703 321.5715 270.82318 566.40662 447.56998 2963.1184 
1.116575 3007.604 0.975427 283.93362 145.13426 567.73981 360.71069 322.21371 270.81213 566.21942 446.9491 2963.7129 
1.125321 4025.712 0.9962818 284.13062 145.24289 567.76349 360.78345 322.33264 270.85977 566.20618 446.89517 2964.2141 
1.151259 10303.81 0.9960193 284.59528 145.63469 567.53162 360.91458 322.65198 271.06152 566.02924 446.79581 2965.2148 
1.190026 4672.203 0.9684895 284.97018 146.3891 566.68689 360.85452 322.82007 271.34802 565.23798 446.57202 2964.8787 
1.22864 663.1528 0.9748821 284.91281 147.76894 565.5097 360.66666 322.61145 272.04764 563.90076 447.00156 2964.4194 
1.22864 663.1528 0.9748821 284.88733 147.7789 565.65259 360.69595 322.71866 272.14005 564.02771 446.94208 2964.8433 
1.23444 5537.779 0.9747739 285.58902 147.17424 566.08386 360.99048 323.19241 271.70993 564.67712 446.39258 2965.8096 
1.235335 11260.3 0.9964968 285.69373 147.14633 566.24738 361.05862 323.27731 271.71936 564.8266 446.43384 2966.4031 
1.235922 2944.79 0.9787972 285.46573 147.27866 565.8396 360.86053 323.09344 271.72977 564.42084 446.35526 2965.0439 
1.267784 1748.141 0.9371613 285.70331 147.97307 565.06451 360.78659 323.18317 272.00934 563.74194 446.30508 2964.7671 
1.269753 387.6402 0.9685812 285.62268 149.15042 565.75867 361.36176 323.38245 273.18774 564.30194 448.26755 2971.0332 
1.27428 11027.49 0.9962821 286.20941 147.84453 565.69135 361.14743 323.58841 272.04416 564.30737 446.30807 2967.1406 
1.282905 9729.514 0.9939411 286.31046 148.00388 565.55017 361.16055 323.64685 272.11407 564.18842 446.27301 2967.2473 
1.28383 3636.211 0.9621926 286.16479 148.10226 565.22961 361.02032 323.50851 272.12634 563.8808 446.23074 2966.2634 
1.288221 602.2754 0.9634708 285.67044 148.91022 564.93768 360.77484 323.17181 272.70483 563.38855 446.95291 2966.5115 
1.294246 440.1727 0.9639214 285.79712 149.35255 565.34937 361.08954 323.49741 273.15936 563.62787 447.82178 2969.6951 
1.297932 1764.457 0.9730519 286.14703 148.49117 564.66547 360.90469 323.4166 272.27307 563.3927 446.17944 2965.4702 
1.29954 737.1704 0.9577131 285.84396 148.95624 564.35663 360.76941 323.26654 272.59955 563.17603 446.66641 2965.635 
1.304426 2918.512 0.9862567 286.40268 148.50635 564.87677 361.03497 323.61703 272.31293 563.56122 446.1644 2966.4763 
1.308366 1510.769 0.9578478 286.19434 148.72371 564.46527 360.84723 323.47 272.37259 563.21704 446.254 2965.5439 
1.325104 525.5762 0.9659382 286.24973 149.69202 564.38727 361.06656 323.52374 273.11551 563.06598 447.19537 2968.2959 
1.329955 3150.867 0.9872105 286.77039 148.94661 564.6264 361.13004 323.85938 272.5192 563.30914 446.07355 2967.2346 
1.331328 541.1712 0.9654356 286.30292 149.7858 564.49445 361.00922 323.561 273.17764 562.94745 447.12558 2968.4038 
1.34035 615.0269 0.9574141 286.20883 149.81654 564.14264 360.9198 323.71106 273.06125 562.6828 446.78088 2967.3237 
1.341308 3552.048 0.981573 286.93555 149.12877 564.51532 361.17004 323.98508 272.61026 563.18121 446.08701 2967.6133 
1.350644 539.1897 0.9643637 286.54269 150.11617 564.25311 361.09412 323.85126 273.36609 562.72125 447.03799 2968.9829 
1.350644 539.1897 0.9643637 286.49048 150.11287 564.05212 360.98584 323.74207 273.30725 562.68866 447.11935 2968.4988 
1.357765 4795.827 0.9907011 287.24823 149.39185 564.44299 361.28601 324.19006 272.75323 563.15765 446.0769 2968.5471 
1.367893 601.3457 0.9639408 286.70578 150.31642 563.81451 361.08456 323.8511 273.36716 562.37714 446.83502 2968.3516 
1.370644 2422.925 0.9550873 287.23193 149.71877 563.98517 361.16711 324.14252 272.89047 562.7345 446.03949 2967.9102 
1.3803 7569.1 0.9866807 287.62839 149.75914 564.29877 361.41855 324.46286 272.9614 563.02936 446.04575 2969.6042 
1.380535 7510.037 0.9900021 287.63409 149.76288 564.3017 361.4238 324.45303 272.96344 563.04364 446.03845 2969.6211 
1.382594 3255.9 0.9645746 287.49088 149.87611 563.93365 361.2789 324.32825 272.97287 562.74518 446.03799 2968.6641 
1.387776 561.3853 0.9566484 286.96613 150.70485 563.67645 361.20273 324.17676 273.58759 562.37921 446.86853 2969.562 
1.396309 2495.059 0.9368142 287.59387 150.16321 563.64795 361.27158 324.37946 273.09399 562.43018 445.97211 2968.5525 
1.396379 5448.749 0.9709567 287.79529 150.06688 564.01324 361.43109 324.55145 273.09271 562.76947 446.01791 2969.738 
1.408189 1270.496 0.8926847 287.49081 150.54192 563.19507 361.13644 324.31485 273.27255 562.07959 446.1171 2968.1484 
1.410294 2282.119 0.9759293 287.77362 150.4277 563.5376 361.32007 324.47678 273.26044 562.31433 445.9613 2969.0718 
1.41063 2434.03 0.9328525 287.74936 150.42508 563.47394 361.30963 324.51797 273.22925 562.3031 445.96426 2968.9727 
1.412055 2176.769 0.9846155 287.81097 150.46588 563.49542 361.29153 324.49057 273.26025 562.26868 445.9563 2969.0398 
1.434032 4035.424 0.9711686 288.28647 150.769 563.48389 361.5307 324.83792 273.43732 562.32568 445.95367 2970.6245 
1.434863 4225.299 0.9731 288.29883 150.77637 563.5282 361.52942 324.85602 273.43961 562.32886 445.94797 2970.7053 
1.451024 2726.644 0.9353649 288.39352 151.11771 563.112 361.49066 324.87946 273.59393 561.99988 445.93008 2970.5176 
1.451561 755.2994 0.9662091 287.9519 151.56934 562.79657 361.2793 324.59015 273.95468 561.48291 446.24838 2969.8733 
1.462109 1821.984 0.9703725 288.4281 151.40703 562.84717 361.4545 324.89053 273.74258 561.66803 445.93762 2970.3755 
1.462895 1173.518 0.9596969 288.2583 151.54974 562.6485 361.32385 324.76431 273.79517 561.4577 446.05786 2969.8555 
1.465249 673.7912 0.9430015 288.06033 151.89992 562.68665 361.38055 324.78165 274.09436 561.62604 446.55804 2971.0876 
1.465249 673.7912 0.9430015 288.06686 151.92555 562.5459 361.31848 324.78564 274.05695 561.39789 446.54794 2970.6453 
1.466464 5547.333 0.972064 288.80518 151.31244 563.28839 361.70312 325.20203 273.74265 562.12634 445.94574 2972.126 
1.467943 6473.667 0.9905844 288.86066 151.32684 563.34259 361.73056 325.2438 273.75616 562.16382 445.94394 2972.3682 
1.469743 8631.46 0.9901767 288.92224 151.34023 563.38147 361.76599 325.30386 273.77185 562.2099 445.97278 2972.6685 
1.472401 6135.774 0.9899393 288.91891 151.40913 563.28552 361.74423 325.28775 273.79459 562.11432 445.94397 2972.4985 
1.478372 2384.471 0.9532386 288.76947 151.62134 562.79333 361.57443 325.11536 273.84714 561.6615 445.92285 2971.3054 
1.482553 626.9618 0.9370631 288.33157 152.2961 562.66229 361.37793 324.87415 274.27399 561.42249 446.55673 2971.7954 
1.511099 4520.205 0.9651959 289.40869 152.11314 562.80225 361.85361 325.59506 274.15344 561.68378 445.92001 2973.53 
1.511217 1347.321 0.9418943 289.01309 152.34868 562.10901 361.55029 325.25717 274.20444 561.11084 446.00592 2971.5994 
1.513569 11264.87 0.9964098 289.59308 152.10677 563.03821 361.97702 325.741 274.18686 561.8916 445.96515 2974.4998 
1.516562 953.3836 0.9162529 288.9314 152.58392 562.05603 361.48563 325.25613 274.34256 561.07837 446.08057 2971.8145 
1.52266 11212.83 0.9963114 289.72235 152.26526 562.95117 362.01932 325.82501 274.2735 561.82007 445.96692 2974.8438 
1.527392 742.7686 0.9772241 289.04816 152.92552 561.92877 361.53549 325.37662 274.55203 560.89343 446.29297 2972.553 
1.538033 563.6909 0.932386 289.08374 153.35059 562.18512 361.78705 325.42932 274.90961 561.12262 446.79984 2974.6677 
1.540678 11259.59 0.9963722 289.99814 152.58165 562.78638 362.09445 326.00592 274.44272 561.67206 445.9657 2975.5469 
1.548244 8269.372 0.9878114 290.05777 152.72777 562.66028 362.10953 326.04218 274.50885 561.56104 445.96286 2975.6301 
1.553395 10612.3 0.9952417 290.17468 152.80896 562.67053 362.14731 326.12796 274.56494 561.56067 445.96759 2976.0227 
1.55524 4757.585 0.958598 290.06647 152.8862 562.44592 362.04663 326.02954 274.57364 561.34076 445.92438 2975.3135 
1.563435 7064.32 0.9834064 290.26843 153.00482 562.50299 362.15549 326.18845 274.65466 561.40479 445.9487 2976.1284 
1.564635 1997.033 0.9037533 289.87656 153.15953 561.93976 361.86853 325.90506 274.65225 560.82959 445.93628 2974.1675 
1.56813 10500.83 0.9950991 290.39093 153.06874 562.53809 362.21289 326.27182 274.70456 561.45941 445.97144 2976.6179 
1.56813 10500.83 0.9950991 290.38879 153.06679 562.54211 362.21768 326.27219 274.70435 561.4483 445.97775 2976.6179 
1.574607 1733.427 0.9744481 290.04895 153.38792 561.84125 361.91055 325.99734 274.76819 560.69238 445.90857 2974.5552 
1.578229 7724.061 0.9881494 290.50345 153.25697 562.3941 362.23413 326.33841 274.79819 561.31396 445.96848 2976.8079 
1.582936 3388.413 0.9686961 290.3913 153.40007 562.09497 362.1105 326.23166 274.82758 561.00873 445.93506 2976 
1.586149 1241.043 0.8983225 290.01547 153.66061 561.47565 361.82477 325.95847 274.9407 560.51318 445.9765 2974.3655 
1.586208 1236.571 0.9802685 290.10654 153.68745 561.60236 361.86465 326.00296 274.96344 560.53058 445.92401 2974.6819 
1.586523 1638.6 0.9615905 290.19635 153.59439 561.70966 361.92496 326.08493 274.89023 560.60699 445.90387 2974.9114 
1.590703 10013.47 0.9943845 290.72214 153.46326 562.34717 362.31244 326.49686 274.91864 561.29047 445.99246 2977.5435 
1.591686 3751.624 0.9572328 290.5556 153.54509 562.03595 362.18222 326.35941 274.91599 561.00354 445.92194 2976.5195 
1.592579 877.2684 0.9304196 289.90393 153.95506 561.32745 361.77542 326.01047 275.11151 560.57349 446.18793 2974.8455 
1.606029 6169.601 0.9868293 290.89075 153.75743 562.11517 362.3414 326.58347 275.05243 561.05341 445.96948 2977.7637 
1.610719 3524.965 0.9688732 290.81546 153.88638 561.88574 362.25726 326.54538 275.10724 560.84766 445.93759 2977.2827 
1.6366 6727 0.9772316 291.34769 154.28635 561.91217 362.50385 326.91895 275.35739 560.90344 446.00748 2979.2375 
1.648953 2009.803 0.9386247 291.17236 154.62714 561.32703 362.2959 326.7244 275.46222 560.39612 445.99106 2977.9958 
1.649348 8674.625 0.9899543 291.58456 154.49635 561.87872 362.59818 327.0712 275.49228 560.86353 446.02954 2980.0144 
1.652184 10324.88 0.9947495 291.64264 154.53833 561.89954 362.62836 327.1188 275.51917 560.87988 446.04916 2980.2756 
1.656044 6869.408 0.9892801 291.65576 154.62482 561.79028 362.60892 327.11118 275.55179 560.78729 446.03357 2980.1636 
1.659332 2658.268 0.9670356 291.46756 154.76854 561.35864 362.43082 326.96301 275.57059 560.42517 445.98398 2978.9683 
1.668143 4947.159 0.9814541 291.77213 154.85376 561.5943 362.62634 327.20056 275.66812 560.61609 446.01755 2980.3489 
1.670712 4381.804 0.9765275 291.78632 154.91153 561.54327 362.60941 327.2049 275.68979 560.53137 446.0145 2980.291 
1.674295 4894.723 0.9762855 291.85965 154.96307 561.55072 362.63379 327.25882 275.72211 560.58081 446.02533 2980.5942 
1.674295 4894.723 0.9762855 291.86304 154.96388 561.54407 362.63794 327.26266 275.72867 560.56213 446.0509 2980.6133 
1.680968 3048.437 0.9595992 291.86044 155.12682 561.31104 362.57932 327.23697 275.76965 560.35297 446.01471 2980.2517 
1.688508 1264.419 0.9740951 291.63107 155.43405 560.90723 362.4126 327.08163 275.9158 559.95428 446.08737 2979.4241 
1.697522 1726.479 0.9682577 291.89703 155.52 560.90277 362.52386 327.25754 275.9726 560.01025 446.07135 2980.1555 
1.708405 5985.573 0.9753236 292.42285 155.53938 561.40485 362.84094 327.64218 276.06241 560.43073 446.09695 2982.4402 
1.710271 6319.883 0.9872762 292.4584 155.5692 561.37579 362.87488 327.65866 276.08783 560.43567 446.09363 2982.5542 
1.715518 3962.674 0.9486373 292.4321 155.69487 561.17047 362.82205 327.63412 276.13455 560.23309 446.06863 2982.1899 
1.717719 6229.068 0.9757707 292.55936 155.70261 561.3147 362.90048 327.73923 276.159 560.38977 446.10562 2982.8708 
1.719266 4761.679 0.97729 292.53149 155.74469 561.23987 362.87686 327.71271 276.17026 560.31781 446.10941 2982.7031 
1.723456 6198.87 0.9772484 292.6488 155.79897 561.30688 362.93042 327.80402 276.21762 560.35834 446.11996 2983.1848 
1.727227 4414.496 0.9750663 292.6463 155.89037 561.18176 362.90021 327.79099 276.24973 560.22437 446.10446 2982.9883 
1.72742 5149.546 0.960047 292.67236 155.88072 561.19714 362.92471 327.80807 276.24698 560.28705 446.12109 2983.1382 
1.728723 7172.358 0.9870915 292.76193 155.88437 561.31366 362.98734 327.87854 276.27792 560.36877 446.13135 2983.604 
1.731043 7406.325 0.9902034 292.80383 155.92319 561.30481 363.01169 327.91382 276.29453 560.3623 446.14206 2983.7563 
1.732718 6463.384 0.9816855 292.79834 155.9576 561.24951 362.99271 327.91595 276.31393 560.30743 446.14484 2983.6802 
1.732758 784.4266 0.8864386 291.94702 156.33763 560.34656 362.55179 327.42883 276.47723 559.74823 446.50394 2981.3413 
1.734711 6054.283 0.9788663 292.8233 155.99666 561.20966 362.98932 327.91788 276.33356 560.29199 446.13251 2983.6948 
1.736386 4615.188 0.9734646 292.78769 156.04454 561.12836 362.96307 327.88461 276.33838 560.21161 446.11066 2983.4688 
1.741025 2489.08 0.9705424 292.70203 156.18687 560.84607 362.84961 327.8136 276.3866 559.91876 446.09097 2982.7947 
1.746687 5984.331 0.9871653 293.00021 156.20285 561.15656 363.06152 328.04434 276.45013 560.2337 446.15433 2984.3035 
1.747539 2243.569 0.9693277 292.74213 156.321 560.69318 362.84097 327.83209 276.46347 559.81781 446.12711 2982.8379 
1.747539 2243.569 0.9693277 292.74701 156.3196 560.71802 362.83896 327.8277 276.47144 559.86414 446.12473 2982.9114 
1.752163 3687.686 0.9566798 292.97318 156.33253 560.93103 362.99393 327.9895 276.49789 560.02863 446.12811 2983.875 
1.755635 2863.032 0.9612265 292.94592 156.42235 560.76807 362.96014 327.99744 276.51471 559.91724 446.10544 2983.6313 
1.760225 4546.081 0.9627598 293.15176 156.45312 560.98132 363.08414 328.13806 276.58359 560.04407 446.1644 2984.6003 
1.76437 4681.335 0.961095 293.21237 156.52596 560.94354 363.11356 328.18936 276.61636 560.06891 446.19153 2984.8613 
1.764969 4094.173 0.9423254 293.17682 156.53929 560.87653 363.06879 328.16455 276.62558 559.99182 446.16043 2984.6038 
1.766287 3095.54 0.9594517 293.13 156.59128 560.7666 363.0332 328.11295 276.63892 559.883 446.15262 2984.3086 
1.766864 8412.861 0.989746 293.36227 156.53706 561.11249 363.21054 328.29953 276.659 560.20074 446.21347 2985.595 
1.774709 4025.614 0.9588011 293.33383 156.71794 560.84259 363.16013 328.27032 276.71713 559.93939 446.19928 2985.1804 
1.774785 430.4841 0.905716 292.50793 157.55228 561.27771 363.11899 328.17365 277.56174 560.33649 448.0582 2988.5869 
1.778676 3087.493 0.9333296 293.29419 156.80495 560.70813 363.09396 328.25253 276.75375 559.82745 446.18225 2984.9175 
1.782687 5678.672 0.9748055 293.53812 156.82951 560.90997 363.24875 328.41196 276.80896 560.01825 446.23724 2986.0029 
1.783101 3978.53 0.964092 293.48929 156.86308 560.79669 363.19272 328.34827 276.80206 559.92468 446.19073 2985.6077 
1.791686 641.2627 0.9368121 292.77713 157.51248 560.05389 362.86584 328.03436 277.19278 559.36127 446.83047 2984.6282 
1.793402 9286.656 0.9934409 293.78461 156.98813 560.99237 363.37622 328.59827 276.9292 560.09491 446.2861 2987.0498 
1.801962 5824.339 0.9867326 293.84454 157.15904 560.84247 363.36163 328.63644 277.01303 559.95502 446.27866 2987.0908 
1.802867 9257.538 0.9922114 293.93039 157.15138 560.93665 363.43564 328.70041 277.0253 560.05786 446.29681 2987.5347 
1.80499 2221.646 0.9161803 293.55621 157.28986 560.3587 363.14645 328.41153 276.99652 559.61786 446.23926 2985.6165 
1.82114 1256.688 0.9336147 293.52295 157.68239 559.97559 363.08472 328.52264 277.22684 559.29572 446.37335 2985.6841 
1.821683 2849.236 0.9179274 293.92526 157.55003 560.4126 363.29083 328.64371 277.18329 559.6073 446.29971 2986.9126 
1.825549 4717.724 0.9667891 294.16647 157.57538 560.63464 363.46292 328.84344 277.23685 559.77399 446.32236 2988.0159 
1.825549 4717.724 0.9667891 294.16455 157.57729 560.61829 363.44946 328.85172 277.24265 559.76245 446.31689 2987.9834 
1.831297 3138.9 0.9678646 294.14636 157.70905 560.41113 363.42017 328.82553 277.27618 559.63013 446.28223 2987.7009 
1.832361 8025.338 0.9877809 294.37021 157.6683 560.75092 363.58502 329.00818 277.31696 559.88409 446.36722 2988.9509 
1.833066 3186.294 0.9483667 294.15891 157.73773 560.41498 363.42688 328.8407 277.30365 559.60254 446.29727 2987.7827 
1.83908 6487.674 0.9778144 294.43961 157.78799 560.67139 363.59344 329.04761 277.38101 559.81073 446.36853 2989.1001 
1.845158 7801.42 0.9915601 294.5625 157.88441 560.68793 363.65588 329.14413 277.4505 559.83545 446.39749 2989.6184 
1.84724 8542.48 0.9913541 294.60245 157.91722 560.68793 363.67538 329.1738 277.46622 559.84729 446.40402 2989.7742 
1.847495 7205.583 0.9902705 294.58215 157.92963 560.65149 363.65134 329.16238 277.4726 559.79755 446.39679 2989.6438 
1.865413 6380.208 0.9819931 294.8374 158.24037 560.51825 363.75107 329.33981 277.65762 559.70557 446.44144 2990.4915 
1.870848 2252.655 0.9556602 294.63898 158.41754 560.03961 363.55374 329.16345 277.6749 559.27142 446.35599 2989.1157 
1.875489 6694.093 0.9765016 295.00455 158.40991 560.50079 363.81158 329.45239 277.75446 559.66034 446.45477 2991.0488 
1.879996 6077.894 0.9846675 295.05975 158.4942 560.43109 363.82721 329.49631 277.8027 559.63287 446.46475 2991.209 
1.881397 7682.214 0.9917664 295.1207 158.50598 560.50629 363.87521 329.53708 277.82126 559.68518 446.49136 2991.5432 
1.885193 5255.317 0.9627354 295.10159 158.58658 560.36023 363.82303 329.52057 277.85193 559.56006 446.47617 2991.2803 
1.886291 8390.118 0.9912744 295.20905 158.58566 560.49597 363.90567 329.59818 277.87579 559.67804 446.50659 2991.8547 
1.894929 7545.996 0.9839838 295.32144 158.73636 560.43701 363.94263 329.69336 277.9675 559.6283 446.52631 2992.2529 
1.896181 5782.155 0.9740353 295.29044 158.76706 560.34241 363.90353 329.65186 277.97281 559.54358 446.51117 2991.9829 
1.897235 1171.288 0.934474 294.67477 158.99977 559.59369 363.51923 329.24973 277.97943 558.87134 446.5755 2989.4634 
1.901232 4285.59 0.9567569 295.29568 158.8698 560.19495 363.8775 329.65884 278.01245 559.44318 446.49417 2991.8464 
1.902422 4277.823 0.950197 295.30914 158.89183 560.1911 363.89059 329.66263 278.02454 559.45673 446.49191 2991.9185 
1.908476 1451.267 0.8865866 294.95288 159.08174 559.52905 363.61569 329.43613 278.06516 558.97241 446.49802 2990.1511 
1.908476 1451.267 0.8865866 294.93549 159.09132 559.59442 363.60153 329.40982 278.02737 558.84326 446.58786 2990.0911 
1.910893 3056.485 0.9145252 295.33124 159.05319 559.99438 363.83072 329.66901 278.07825 559.29535 446.51508 2991.7671 
1.920981 4090.01 0.9492108 295.5899 159.20963 560.10706 364.0014 329.84561 278.21768 559.35156 446.55524 2992.8779 
1.926404 2006.913 0.9340451 295.39102 159.37122 559.68817 363.82141 329.71368 278.24622 559.05286 446.54385 2991.8286 
1.927515 6209.282 0.9854317 295.79919 159.29678 560.25061 364.11987 330.02094 278.29214 559.47723 446.60675 2993.8633 
1.934197 9461.343 0.9940735 295.96579 159.39705 560.3125 364.20883 330.14725 278.36893 559.52917 446.64859 2994.5781 
1.937798 10199.46 0.9956325 296.04004 159.45493 560.30853 364.24274 330.19336 278.4111 559.5351 446.66458 2994.8503 
1.945027 3846.565 0.949483 295.94556 159.62097 559.96637 364.12457 330.11322 278.45459 559.23669 446.6312 2994.093 
1.966397 1744.708 0.8639453 295.89227 160.00545 559.48816 363.98624 330.12247 278.60028 558.90466 446.67145 2993.6709 
1.975563 2749.429 0.9361433 296.30087 160.17174 559.67719 364.2326 330.37634 278.75974 559.00085 446.68878 2995.208 
1.991612 5724.681 0.9770197 296.7886 160.3867 559.96338 364.5033 330.71237 278.96069 559.21985 446.79611 2997.3311 
1.993096 4425.999 0.9618217 296.73291 160.42497 559.84052 364.45505 330.68497 278.94769 559.17328 446.78293 2997.0425 
2.005174 4428.972 0.9654338 296.93124 160.62714 559.80499 364.52463 330.82156 279.08862 559.08264 446.82782 2997.7087 
2.020317 4212.152 0.9438142 297.13766 160.87794 559.72931 364.61298 330.99216 279.23895 559.05573 446.86713 2998.512 
2.023044 3708.217 0.9204217 297.12799 160.92432 559.64661 364.58563 330.98141 279.23615 558.96619 446.85367 2998.322 
2.023604 3893.42 0.9286199 297.16617 160.93694 559.64697 364.6004 330.99979 279.26227 559.01239 446.87347 2998.4985 
2.028626 10839.3 0.9953664 297.46283 160.98596 559.98267 364.81702 331.21716 279.35394 559.26245 446.96884 3000.0508 
2.060513 568.8331 0.8738319 296.61954 161.89326 559.21124 364.4086 330.99393 279.89972 558.77289 447.85172 2999.6511 
2.075086 6791.149 0.9818753 298.12457 161.77969 559.72388 365.0596 331.69852 279.83234 559.02844 447.09537 3002.3425 
2.075561 5669.25 0.9755367 298.09702 161.79199 559.67188 365.03564 331.67181 279.83243 559.00836 447.08142 3002.1904 
2.083407 7695.807 0.9859732 298.27789 161.91307 559.74579 365.13843 331.80658 279.91916 559.06592 447.12778 3002.9946 
2.083407 7695.807 0.9859732 298.27643 161.91299 559.72247 365.13687 331.80215 279.9155 559.06232 447.13705 3002.9656 
2.085085 2907.396 0.9026732 298.00748 161.97035 559.32428 364.91489 331.62674 279.88196 558.72253 447.07971 3001.5278 
2.094249 668.11 0.7928237 296.89499 162.00114 558.85547 364.45822 331.18301 279.92438 558.45215 447.73804 2999.5073 
2.102803 7099.589 0.982314 298.56897 162.24181 559.66577 365.2468 332.02335 280.1279 559.00146 447.19403 3004.0701 
2.121238 286.2677 0.8306119 297.14401 162.99362 561.62726 365.79495 332.24667 281.38449 561.25122 450.90964 3013.3521 
2.125925 4034.919 0.9011014 298.7413 162.63039 559.37024 365.26871 332.16263 280.32419 558.78369 447.24973 3004.531 
2.146155 324.7239 0.8249123 297.4382 163.19173 560.59961 365.5098 332.44214 281.33994 560.31396 450.28586 3011.1213 
2.146698 4766.948 0.9536326 299.16611 162.98172 559.40204 365.47208 332.44263 280.56836 558.79681 447.34232 3006.1721 
2.160804 340.9805 0.835751 297.78912 163.49982 560.33362 365.4899 332.47482 281.43591 560.14142 450.04684 3011.2114 
2.181345 446.7013 0.8292203 298.08945 163.65001 559.26984 365.28082 332.35547 281.19193 559.18085 448.80707 3007.8254 
2.187405 1676.14 0.8806563 299.30878 163.67581 558.72241 365.40012 332.6102 280.91507 558.33093 447.46021 3006.4236 
2.245361 254.2652 0.8442849 299.13004 165.07864 562.17212 366.97629 333.91983 283.02209 561.99774 452.50888 3024.8057 
2.263595 6413.513 0.9594084 301.08356 164.89563 559.23846 366.30579 333.84702 281.82248 558.69965 447.84589 3013.7385 
2.275245 475.3168 0.7755332 299.13531 164.68201 558.71912 365.57394 333.18863 281.74615 558.75677 449.13815 3010.9402 
2.296026 250.9272 0.749615 298.62448 164.53769 561.85266 366.62674 333.91205 282.69553 562.03613 452.49158 3022.7769 
2.316348 359.095 0.7341355 299.05344 164.75479 559.71643 365.85883 333.58066 282.06961 559.7948 450.19556 3015.0242 
2.39849 3293.736 0.8503658 302.95749 167.04175 558.74023 367.06219 335.25482 283.16223 558.38928 448.39859 3021.0068 
2.520999 2270.907 0.7485245 304.47797 168.7686 558.40875 367.7153 336.48022 284.29822 558.25256 448.97348 3027.375 
2.586817 3594.122 0.8970377 305.99869 170.07594 558.65765 368.46344 337.5188 285.19995 558.38361 449.32874 3033.627 
2.69153 4823.093 0.8927867 307.75742 171.71533 558.78949 369.29706 338.82925 286.35867 558.5141 449.92227 3041.1836 
2.748867 344.7033 0.5468873 301.10004 166.93954 559.23053 366.90372 336.39017 283.79865 561.10754 452.28046 3027.7507 
2.748867 344.7033 0.5468873 301.23819 166.93037 559.03186 366.93524 336.33743 283.93747 560.93323 452.2998 3027.6436 
