Population	SampSize	Pcrit	WeightedMean	IndAlleles	r^2	Exp(r^2)	Ne	ParametricLow	ParametricHigh	JacknifeLow	JacknifeHigh	(Eff.df)
Mo	264	0.05	263.5	1728	0.0036	0.003841	-2766.4	58508.6	  Infinite	2963.7	  Infinite	551
Mo	264	0.04	263.6	2411	0.003699	0.00384	-4737.6	8628.2	  Infinite	4406.9	  Infinite	1383
Mo	264	0.03	263.6	3799	0.003779	0.00384	-11008	5779.3	  Infinite	3488.2	  Infinite	1911
Mo	264	0.02	263.5	5429	0.003785	0.00384	-12105.4	7287.5	  Infinite	4065.1	  Infinite	2499
Mo	264	 No S*	263.4	19713	0.003853	0.003842	62560.9	7584.9	  Infinite	4008.7	  Infinite	5004
Tahaa	36	0.05	35.8	2011	0.032016	0.030445	421.7	180.1	  Infinite	139.9	  Infinite	941
Tahaa	36	0.04	35.7	3169	0.032078	0.030492	417.6	203.9	10485.3	169.4	  Infinite	1679
Tahaa	36	0.03	35.7	3169	0.032078	0.030492	417.6	203.9	10485.3	174.2	  Infinite	1836
Tahaa	36	0.02	35.7	5185	0.031334	0.030466	765.1	313.2	  Infinite	257.1	  Infinite	2833
Tahaa	36	 No S*	35.7	5185	0.031334	0.030466	765.1	313.2	  Infinite	257.1	  Infinite	2833
Tem	64	0.05	63.1	1722	0.01621	0.016628	-1597.7	921	  Infinite	550.5	  Infinite	885
Tem	65	0.04	63.2	2279	0.016379	0.016605	-2952.5	865.1	  Infinite	517.5	  Infinite	1036
Tem	66	0.03	63.4	4300	0.016249	0.016553	-2200.8	1639.1	  Infinite	1020.7	  Infinite	2426
Tem	67	0.02	63.3	5772	0.016012	0.016563	-1212.6	13430	  Infinite	6930.9	  Infinite	4993
Tem	68	 No S*	63.4	9334	0.016262	0.01655	-2317.7	3527	  Infinite	1484.4	  Infinite	4007
Puna	25	0.05	25	1676	0.046326	0.045184	538.9	136.8	  Infinite	117.4	  Infinite	1153
Puna	25	0.04	25	3708	0.045281	0.045184	6365.7	274.9	  Infinite	260.7	  Infinite	3336
Puna	25	0.03	25	3708	0.045281	0.045184	6365.7	274.9	  Infinite	260.7	  Infinite	3336
Puna	25	0.02	25	8730	0.045322	0.045184	4485.8	406.4	  Infinite	409.4	  Infinite	8872
Puna	25	 No S*	25	3708	0.045281	0.045184	6365.7	274.9	  Infinite	260.7	  Infinite	3336
Tetia	52	0.05	51.4	1591	0.020253	0.02063	-1773.8	598.9	  Infinite	403.6	  Infinite	894
Tetia	52	0.04	51.3	1985	0.019903	0.020677	-863.9	1268.1	  Infinite	713.3	  Infinite	1185
Tetia	52	0.03	51.3	3223	0.020284	0.02068	-1686.7	1051.9	  Infinite	565.9	  Infinite	1438
Tetia	52	0.02	51.2	5189	0.0205	0.020708	-3195.9	1102	  Infinite	677.5	  Infinite	2487
Tetia	52	 No S*	51.4	7305	0.020344	0.02062	-2419.1	1662.4	  Infinite	1062.1	  Infinite	4173
Rangi	43	0.05	42.4	1888	0.024932	0.025345	-1613.9	527.9	  Infinite	222.7	  Infinite	509
Rangi	43	0.04	42.5	2568	0.02527	0.025247	29327.9	452.7	  Infinite	241.5	  Infinite	781
Rangi	43	0.03	42.6	3685	0.025914	0.025212	947.5	343.3	  Infinite	212.3	  Infinite	1025
Rangi	43	0.02	42.6	6063	0.025415	0.025198	3068.2	578.7	  Infinite	342.2	  Infinite	1861
Rangi	43	 No S*	42.6	6063	0.025415	0.025198	3068.2	578.7	  Infinite	342.2	  Infinite	1861
Taka	30	0.05	28.9	2030	0.039238	0.037922	467.3	158.5	  Infinite	138.1	  Infinite	1390
Taka	30	0.04	28.2	2274	0.040173	0.038748	431.6	157.7	  Infinite	139.4	  Infinite	1596
Taka	30	0.03	28.7	3420	0.038408	0.038117	2124.9	281.6	  Infinite	229.6	  Infinite	2198
Taka	30	0.02	28.1	3753	0.038914	0.038784	4754.6	314.4	  Infinite	222.2	  Infinite	1864
Taka	30	 No S*	28.7	3420	0.038408	0.038117	2124.9	281.6	  Infinite	229.6	  Infinite	2198
Suva	56	0.05	55.6	1735	0.019945	0.019007	708.2	282.8	  Infinite	198	  Infinite	638
Suva	56	0.04	55.6	2796	0.019453	0.01901	1502.4	440.4	  Infinite	320	  Infinite	1246
Suva	56	0.03	55.6	4047	0.019422	0.019004	1592.4	513	  Infinite	367	  Infinite	1676
Suva	56	0.02	55.6	5223	0.019371	0.019014	1863.6	591.4	  Infinite	480.7	  Infinite	2983
Suva	56	 No S*	55.7	10492	0.019268	0.018986	2360.1	815.9	  Infinite	599	  Infinite	4456
Mata	48	0.05	47.8	1678	0.021852	0.022297	-1500.8	596.5	  Infinite	322.8	  Infinite	695
Mata	48	0.04	47.8	2815	0.022128	0.022337	-3190.3	668	  Infinite	377.6	  Infinite	1111
Mata	48	0.03	47.8	4960	0.022297	0.022327	-21722.7	760.5	  Infinite	483.8	  Infinite	2133
Mata	48	0.02	47.8	9704	0.022252	0.022311	-11314.6	1145.3	  Infinite	894.1	  Infinite	6234
Mata	48	 No S*	47.8	9704	0.022252	0.022311	-11314.6	1145.3	  Infinite	894.1	  Infinite	6234
Taga	52	0.05	51.7	1488	0.022274	0.020552	384.5	192.6	3265.9	181	20245.9	1187
Taga	52	0.04	51.6	1961	0.021904	0.020593	505.8	239.7	335436.8	175	  Infinite	726
Taga	52	0.03	51.5	3043	0.021591	0.020613	679.4	314	  Infinite	227	  Infinite	1100
Taga	52	0.02	51.5	5555	0.021354	0.020612	896.5	425.1	  Infinite	274.2	  Infinite	1414
Taga	52	 No S*	51.5	10728	0.021628	0.0206	645.8	409.2	1444.6	220.4	  Infinite	1066
Muaiv	54	0.05	53.6	1778	0.019732	0.019749	-38226.4	492.3	  Infinite	169.6	  Infinite	260
Muaiv	54	0.04	53.7	2533	0.01971	0.019733	-29130.9	598.2	  Infinite	211.6	  Infinite	380
Muaiv	54	0.03	53.7	3482	0.019604	0.019731	-5254.6	802.9	  Infinite	338.4	  Infinite	794
Muaiv	54	0.02	53.7	6011	0.019788	0.019716	9196.3	831.2	  Infinite	366.7	  Infinite	1138
Muaiv	54	 No S*	53.7	10236	0.019971	0.019724	2702.8	825.4	  Infinite	361.2	  Infinite	1368
Nadi	51	0.05	50.5	1978	0.021852	0.021036	814.4	294.3	  Infinite	226.6	  Infinite	963
Nadi	51	0.04	50.6	2656	0.021631	0.021018	1084.4	362.5	  Infinite	285.2	  Infinite	1391
Nadi	51	0.03	50.5	3859	0.021823	0.021044	852.6	370.4	  Infinite	285.1	  Infinite	1717
Nadi	51	0.02	50.4	6659	0.021292	0.02107	3005.4	689	  Infinite	520.7	  Infinite	3384
Nadi	51	 No S*	50.6	9089	0.02168	0.021006	987.5	503.2	11794.5	368.6	  Infinite	3094
Yanu	47	0.05	46.7	1565	0.022062	0.022856	-842.5	793.3	  Infinite	443.9	  Infinite	830
Yanu	47	0.04	46.7	2434	0.023917	0.022848	621.2	267	  Infinite	194.5	  Infinite	946
Yanu	47	0.03	46.6	4835	0.022982	0.022909	9182	652.8	  Infinite	467.7	  Infinite	2446
Yanu	47	0.02	46.6	8112	0.02299	0.022909	8240.1	825.3	  Infinite	544	  Infinite	3370
Yanu	47	 No S*	46.6	8112	0.02299	0.022909	8240.1	825.3	  Infinite	544	  Infinite	3370
Tave	50	0.05	49.7	2013	0.022394	0.021409	674.6	271.1	  Infinite	231.7	  Infinite	1257
Tave	50	0.04	49.6	3238	0.021956	0.021458	1336.3	411.9	  Infinite	380	  Infinite	2601
Tave	50	0.03	49.6	5409	0.022048	0.021432	1081.1	450.7	  Infinite	356.1	  Infinite	2627
Tave	50	0.02	49.6	8763	0.021628	0.021462	4016.1	809.4	  Infinite	610.5	  Infinite	4509
Tave	50	 No S*	49.6	8763	0.021628	0.021462	4016.1	809.4	  Infinite	610.5	  Infinite	4509
Ten	52	0.05	51.9	1411	0.020377	0.020455	-8558.3	437.8	  Infinite	291.6	  Infinite	685
Ten	52	0.04	51.8	2148	0.020366	0.020482	-5762.3	572.3	  Infinite	380.3	  Infinite	1055
Ten	52	0.03	51.8	4490	0.020611	0.020497	5840	668	  Infinite	499.7	  Infinite	2419
Ten	52	0.02	51.8	8091	0.020567	0.020506	10962.9	936.8	  Infinite	711	  Infinite	4537
Ten	52	 No S*	51.8	16050	0.020484	0.020511	-24233.5	1554.4	  Infinite	1378.8	  Infinite	12859
MBO	50	0.05	49.5	2523	0.021749	0.021475	2427.5	434.1	  Infinite	275.6	  Infinite	930
MBO	50	0.04	49.6	4038	0.021803	0.021435	1807.9	490.6	  Infinite	329.4	  Infinite	1517
MBO	50	0.03	49.7	7696	0.021993	0.02141	1140	512	  Infinite	407.9	  Infinite	3683
MBO	50	0.02	49.6	16059	0.021832	0.021434	1670	751.4	  Infinite	557	  Infinite	6151
MBO	50	 No S*	49.6	16059	0.021832	0.021434	1670	751.4	  Infinite	557	  Infinite	6151
Hie	47	0.05	46.5	2069	0.023463	0.022971	1354.5	332.4	  Infinite	197.2	  Infinite	622
Hie	47	0.04	46.4	3782	0.022982	0.023016	-19503.1	639.6	  Infinite	336.8	  Infinite	1153
Hie	47	0.03	46.4	6738	0.023193	0.023005	3545.5	669.7	  Infinite	534.6	  Infinite	3986
Hie	47	0.02	46.4	14768	0.023134	0.023015	5600.9	1013.8	  Infinite	696.7	  Infinite	6233
Hie	47	 No S*	46.4	14768	0.023134	0.023015	5600.9	1013.8	  Infinite	696.7	  Infinite	6233
Mara	52	0.05	51.7	1576	0.020037	0.020533	-1345.7	677.8	  Infinite	256.8	  Infinite	407
Mara	52	0.04	51.7	2413	0.020682	0.020532	4455.5	484.6	  Infinite	270.1	  Infinite	732
Mara	52	0.03	51.7	4491	0.02075	0.020543	3216.2	607.3	  Infinite	355.7	  Infinite	1359
Mara	52	0.02	51.6	8187	0.020375	0.020559	-3618.7	1464.1	  Infinite	864	  Infinite	3758
Mara	52	 No S*	51.6	16470	0.020416	0.02058	-4077.7	2339.5	  Infinite	1733.6	  Infinite	11116
Go	55	0.05	55	1569	0.018378	0.019236	-779	1335.3	  Infinite	311.1	  Infinite	366
Go	55	0.04	55	2825	0.018758	0.019236	-1395.1	1233.7	  Infinite	537	  Infinite	1050
Go	55	0.03	55	4622	0.019163	0.019236	-9038.3	907.9	  Infinite	522.6	  Infinite	1733
Go	55	0.02	55	9367	0.019056	0.019236	-3692.2	1765.4	  Infinite	1020.8	  Infinite	4298
Go	55	 No S*	55	17834	0.019271	0.019236	19463.8	1510.5	  Infinite	1183.3	  Infinite	10665
Tote	53	0.05	53	1319	0.01912	0.020004	-757.3	1001.2	  Infinite	406.4	  Infinite	536
Tote	53	0.04	53	2274	0.019394	0.020004	-1096.8	1168.4	  Infinite	256.9	  Infinite	360
Tote	53	0.03	53	4530	0.019714	0.020004	-2305.6	1213.2	  Infinite	526.1	  Infinite	1393
Tote	53	0.02	53	8003	0.020261	0.020004	2585.8	737.8	  Infinite	460.2	  Infinite	2457
Tote	53	 No S*	53	17441	0.019913	0.020004	-7381.2	1991.5	  Infinite	1263.4	  Infinite	8382
Lar	51	0.05	51	1179	0.020902	0.020834	9875.2	355.1	  Infinite	333.4	  Infinite	1044
Lar	51	0.04	51	2286	0.021223	0.020834	1712.1	395.3	  Infinite	331.3	  Infinite	1496
Lar	51	0.03	51	4257	0.020892	0.020834	11531.4	681.3	  Infinite	570.9	  Infinite	2971
Lar	51	0.02	51	7494	0.02101	0.020834	3795.7	768.2	  Infinite	639.8	  Infinite	4848
Lar	51	 No S*	51	16274	0.020632	0.020834	-3302.5	2624.9	  Infinite	1453.9	  Infinite	7880
QBW	54	0.05	53.4	1613	0.025248	0.01983	120.3	89.1	174.5	58.9	495	226
QBW	54	0.04	53.2	2732	0.025551	0.019912	115.5	91.8	151	57.8	422.7	233
QBW	54	0.03	53.3	5152	0.02452	0.019888	141.2	116.1	176.9	67	775.7	252
QBW	54	0.02	53.1	9150	0.024998	0.019939	129	112.2	150.5	67.9	413.5	321
QBW	54	 No S*	53.1	17478	0.024713	0.019953	137.3	123.3	154.1	65.5	715.6	248
Lion	49	0.05	48.8	2066	0.021383	0.021846	-1439.6	736.1	  Infinite	274.1	  Infinite	515
Lion	49	0.04	48.7	4402	0.021577	0.021865	-2314.6	1035.4	  Infinite	485.5	  Infinite	1462
Lion	49	0.03	48.5	7710	0.021788	0.021953	-4029.7	1234.3	  Infinite	651.3	  Infinite	2814
Lion	49	0.02	48.5	14583	0.021607	0.021974	-1816.8	4857.6	  Infinite	2169.9	  Infinite	8262
Lion	49	 No S*	48.5	14583	0.021607	0.021974	-1816.8	4857.6	  Infinite	2169.9	  Infinite	8262
Manu	14	0.05	14	1973	0.088628	0.089239	-1014	116.9	  Infinite	87.7	  Infinite	1217
Manu	14	0.04	14	1973	0.088628	0.089239	-1014	116.9	  Infinite	87.7	  Infinite	1217
Manu	14	0.03	14	8091	0.085176	0.089239	-154.2	  Infinite	  Infinite	  Infinite	  Infinite	27343
Manu	14	0.02	14	8091	0.085176	0.089239	-154.2	  Infinite	  Infinite	  Infinite	  Infinite	27343
Manu	14	 No S*	14	1973	0.088628	0.089239	-1014	116.9	  Infinite	87.7	  Infinite	1217
Lolo	9	0.05	8.8	4271	0.151719	0.161685	-64.1	  Infinite	  Infinite	  Infinite	  Infinite	2222
Lolo	10	0.04	8.8	4271	0.151719	0.161685	-64.1	  Infinite	  Infinite	  Infinite	  Infinite	2222
Lolo	11	0.03	8.8	4271	0.151719	0.161685	-64.1	  Infinite	  Infinite	  Infinite	  Infinite	2222
Lolo	12	0.02	8.8	4271	0.151719	0.161685	-64.1	  Infinite	  Infinite	  Infinite	  Infinite	2222
Lolo	13	 No S*	8.8	1097	0.161662	0.161251	1500.5	39.4	  Infinite	34.9	  Infinite	882