0.1517691 724.8904 0.4607478
0.3548329 985.1734 0.3610109
0.4847056 346.2523 0.5808054
0.5065024 288.617 0.61336
0.5823594 393.8316 0.556396
0.6037711 596.2762 0.5369186
0.6063347 1578.923 0.4914825
0.6234772 834.5734 0.6024567
0.6310874 244.6536 0.6409882
0.6393508 1041.612 0.3978902
0.6393508 1099.242 0.4010711
0.6393508 1104.926 0.3772698
0.6393508 1144.08 0.396055
0.6393508 1179.518 0.3751807
0.6393508 1183.75 0.3800876
0.6503235 633.0783 0.5558822
0.6533231 252.5358 0.6358251
0.6585093 1251.9 0.4396011
0.6608331 462.635 0.5242038
0.6767357 647.6648 0.5714517
0.6783151 569.2486 0.5851713
0.688816 2774.146 0.2964173
0.6912091 1029.182 0.4457364
0.6945705 537.3847 0.596727
0.6969881 1019.449 0.4223418
0.6969881 1165.06 0.3937142
0.6969881 1212.929 0.3857337
0.6969881 1251.802 0.3676292
0.6969881 1276.226 0.3494056
0.6969881 1292.171 0.3580028
0.7035789 549.4808 0.5999576
0.7119794 640.3621 0.5792213
0.7170353 578.0504 0.602361
0.7200039 759.3695 0.5448422
0.7210445 520.3502 0.6074924
0.7233616 553.4364 0.6048813
0.7249042 809.5049 0.5112437
0.7281474 558.3669 0.5979113
0.7298546 1032.741 0.482198
0.7310225 850.0375 0.5255385
0.7352494 1504.686 0.4304195
0.7365782 819.7116 0.5461354
0.7498767 1984.278 0.3829338
0.7518481 3581.188 0.1926949
0.7642035 568.1251 0.5993433
0.7680517 788.9967 0.5860003
0.7708036 933.7558 0.5067794
0.7738636 2173.873 0.2293083
0.7780271 1303.088 0.4487275
0.7822466 795.24 0.5451226
0.7846528 607.5406 0.5986331
0.7887202 1209.911 0.395483
0.8088346 1200.541 0.4217601
0.8163149 5207.661 0.09177173
0.8316717 1286.651 0.4399741
0.8604743 2678.658 0.3196997
0.8785112 1800.443 0.3452957
0.8873493 2285.209 0.3677945
0.8956628 1580.668 0.4263396
0.9012444 1312.47 0.3855251
0.907979 1467.075 0.3576177
0.9173022 1253.573 0.4498721
0.9182159 1575.46 0.4637123
0.9485289 1228.573 0.4235075
0.9550007 695.0939 0.5929682
0.9581697 2030.539 0.4062735
0.9858982 1013.751 0.4840207
1.01067 1528.435 0.3604113
1.024409 1585.199 0.3782072
1.027949 1605.719 0.3473061
1.065889 3203.603 0.2838486
1.073573 1337.773 0.4201619
1.088151 2798.566 0.3975092
1.094131 1169.032 0.4639288
1.098433 2554.699 0.414904
1.101324 1570.187 0.3529426
1.109184 2683.69 0.4149575
1.121654 3000.129 0.3565736
1.124353 2250.86 0.4525342
1.136097 2949.543 0.4148752
1.155163 2517.942 0.2936136
1.158886 1636.535 0.39401
1.170409 3341.116 0.3377255
1.174468 1903.289 0.3356604
1.187457 3135.417 0.3653429
1.21611 1769.828 0.4240055
1.217778 1082.936 0.4960923
1.23457 1944.532 0.446901
1.242393 2001.067 0.5371516
1.252133 1213.96 0.5233593
1.261153 1393.727 0.4753649
1.263836 865.1347 0.5629763
1.270964 1389.511 0.4383273
1.294777 745.5893 0.5957333
1.313026 3342.527 0.1685902
1.31677 1007.46 0.539618
1.323102 3665.476 0.1453376
1.33574 2389.748 0.2677761
1.562268 1414.758 0.4406554
1.643888 2309.926 0.2561874
# initCovFnParam= 5.73445080524567 1.7369810868902 0.363477736851847 3.90622230097261
