## Sat Jul  6 17:03:56 2024; Sample: 1; # of loci: 8; NrunsPerPoint=30;
## pointmin=1  pointmax=100 out of PointNumber=100
0.1517691 724.8904 0.4607478 199.07526 84.35862 417.40036 304.42087 212.74013 198.38579 498.00919 359.26453 2273.6548 
0.3548329 985.1734 0.3610109 192.74281 85.935501 390.10953 289.21033 204.66719 191.48207 465.4682 338.00595 2157.6216 
0.4847056 346.2523 0.5808054 192.69678 88.64814 387.96616 287.84634 206.04301 192.59106 458.49939 336.9306 2151.2214 
0.5065024 288.617 0.61336 193.20181 89.232445 388.53394 288.68066 206.80132 193.33327 458.53442 337.49319 2155.811 
0.5823594 393.8316 0.556396 193.30199 90.13015 383.16187 285.66495 205.87283 192.4218 452.48251 333.43457 2136.4707 
0.6037711 596.2762 0.5369186 193.2256 90.129707 379.65265 283.87726 204.71846 191.41394 450.65222 330.35147 2124.0212 
0.6063347 1578.923 0.4914825 193.42792 89.809471 375.7413 282.49567 203.17374 190.5219 450.70084 327.70526 2113.5759 
0.6234772 834.5734 0.6024567 193.38618 90.243935 376.88327 282.86987 203.86487 191.01399 449.81683 328.61798 2116.697 
0.6310874 244.6536 0.6409882 194.32512 91.595375 386.08325 287.57034 208.10556 194.26917 453.87549 335.96683 2151.7913 
0.6393508 1041.612 0.3978902 193.59566 90.605133 376.47107 282.60681 204.12888 191.10652 448.39145 328.21494 2115.1206 
0.6393508 1041.612 0.3978902 193.70569 90.571861 376.45715 282.59744 204.14255 191.03502 448.64984 328.31256 2115.4722 
0.6393508 1099.242 0.4010711 193.63733 90.576866 376.19647 282.61899 203.91768 191.13855 448.49323 327.98157 2114.5605 
0.6393508 1104.926 0.3772698 193.68439 90.607048 376.3678 282.65695 204.08397 191.13617 448.2963 328.12302 2114.9556 
0.6393508 1144.08 0.396055 193.74045 90.548347 376.19513 282.50488 204.03511 191.03551 448.5639 328.01752 2114.6409 
0.6393508 1179.518 0.3751807 193.68192 90.517075 376.1803 282.59256 203.90146 191.0372 448.43896 327.89874 2114.2483 
0.6393508 1183.75 0.3800876 193.68953 90.545555 376.16409 282.53366 203.86935 190.95013 448.38947 327.8699 2114.0117 
0.6503235 633.0783 0.5558822 193.54884 90.905495 377.72409 283.15289 204.82791 191.6246 448.40195 329.32434 2119.5103 
0.6533231 252.5358 0.6358251 194.33408 91.920174 384.9646 287.24854 208.39723 194.12886 452.66629 335.25632 2148.916 
0.6585093 1251.9 0.4396011 193.90047 90.830315 375.13818 282.18753 203.83237 190.92447 447.92566 327.19373 2111.9326 
0.6608331 462.635 0.5242038 193.87987 91.382355 379.65637 283.99554 205.88176 192.41344 448.76541 330.7825 2126.7573 
0.6767357 647.6648 0.5714517 193.89357 91.332123 376.89807 282.83554 204.93959 191.80193 447.56403 328.52832 2117.7932 
0.6767357 647.6648 0.5714517 193.91121 91.289291 376.86554 282.78094 204.72836 191.72533 447.75302 328.68817 2117.7419 
0.6783151 569.2486 0.5851713 193.927 91.415382 377.33179 283.1597 205.09427 191.93584 447.26773 328.99542 2119.127 
0.688816 2774.146 0.2964173 194.49345 91.265755 373.1459 281.52298 203.58162 190.90688 447.6528 325.83087 2108.4004 
0.6912091 1029.182 0.4457364 194.17383 91.48735 375.05606 282.07767 204.40572 191.41173 446.81137 327.23138 2112.6553 
0.6945705 537.3847 0.596727 194.10643 91.781555 377.22757 283.12503 205.54796 192.06012 447.35709 329.12231 2120.3281 
0.6969881 1019.449 0.4223418 194.32419 91.627007 375.02249 282.08499 204.49251 191.44427 446.41626 327.22806 2112.6399 
0.6969881 1165.06 0.3937142 194.29921 91.590645 374.66693 282.02649 204.32988 191.40565 446.27396 326.88922 2111.4819 
0.6969881 1212.929 0.3857337 194.3521 91.586372 374.46967 281.97995 204.30316 191.31805 446.33109 326.79114 2111.1313 
0.6969881 1251.802 0.3676292 194.39218 91.577316 374.55347 281.94406 204.28815 191.28024 446.55975 326.88885 2111.4841 
0.6969881 1276.226 0.3494056 194.45273 91.585083 374.6626 281.97617 204.2775 191.2485 446.13742 326.86768 2111.2078 
0.6969881 1292.171 0.3580028 194.3927 91.549454 374.50632 281.8302 204.34029 191.347 446.31146 326.75323 2111.0308 
0.6969881 1292.171 0.3580028 194.38071 91.570885 374.49536 282.00693 204.33907 191.33867 446.42642 326.77075 2111.3286 
0.7035789 549.4808 0.5999576 194.26988 91.905136 376.8588 283.06027 205.4593 192.09563 447.10632 328.9007 2119.656 
0.7119794 640.3621 0.5792213 194.28362 91.970673 375.97458 282.66321 205.24316 191.94637 446.4209 327.96597 2116.4685 
0.7170353 578.0504 0.602361 194.4173 92.086975 376.35455 282.7103 205.50859 192.1167 446.36917 328.37698 2117.9404 
0.7200039 759.3695 0.5448422 194.50452 92.08049 375.19806 282.15405 204.98288 191.77473 445.99976 327.4855 2114.1802 
0.7210445 520.3502 0.6074924 194.44049 92.25132 376.88507 283.03528 205.74463 192.34651 446.5892 328.71265 2120.0054 
0.7233616 553.4364 0.6048813 194.51976 92.232903 376.33557 282.85532 205.6694 192.19551 446.4646 328.48792 2118.7612 
0.7249042 809.5049 0.5112437 194.52733 92.132042 375.01633 282.12589 205.07663 191.75122 445.62296 327.3421 2113.5945 
0.7281474 558.3669 0.5979113 194.56282 92.336937 376.13101 282.77332 205.64891 192.20055 445.93863 328.42139 2118.0137 
0.7298546 1032.741 0.482198 194.64632 92.149254 373.99115 281.74088 204.72043 191.63429 445.49475 326.55396 2110.9312 
0.7310225 850.0375 0.5255385 194.61311 92.213417 374.49857 281.9025 205.008 191.79541 445.74191 327.04456 2112.8174 
0.7310225 850.0375 0.5255385 194.65593 92.195374 374.56659 281.96024 204.90936 191.75713 445.79782 327.08554 2112.928 
0.7352494 1504.686 0.4304195 194.91423 92.156174 372.7887 281.41861 204.3959 191.41356 445.71808 325.7261 2108.5312 
0.7365782 819.7116 0.5461354 194.73412 92.342796 374.49393 281.89621 205.04669 191.76447 445.82642 327.00363 2113.1082 
0.7498767 1984.278 0.3829338 195.18106 92.403671 372.15906 281.1535 204.32961 191.47905 445.50046 325.21115 2107.4175 
0.7518481 3581.188 0.1926949 195.42136 92.44603 371.62106 281.05524 204.18756 191.43289 445.47232 324.83618 2106.4727 
0.7642035 568.1251 0.5993433 195.03857 92.955284 375.49133 282.53546 205.99561 192.53291 444.96414 327.94629 2117.4597 
0.7680517 788.9967 0.5860003 195.12134 92.834671 373.75461 281.74271 205.33878 192.13084 444.66479 326.61896 2112.2065 
0.7708036 933.7558 0.5067794 195.21124 92.906021 373.33127 281.65512 205.13852 191.99873 444.41486 326.28763 2110.9434 
0.7738636 2173.873 0.2293083 195.52541 92.916428 372.18628 281.12985 204.74561 191.71597 444.03268 325.23053 2107.4827 
0.7780271 1303.088 0.4487275 195.45074 92.987839 372.41656 281.24869 204.95029 191.86006 444.20657 325.41016 2108.531 
0.7822466 795.24 0.5451226 195.32016 93.169685 373.6553 281.74634 205.60472 192.28909 444.06012 326.67038 2112.5159 
0.7822466 795.24 0.5451226 195.30821 93.165886 373.75293 281.64133 205.58559 192.25296 444.02448 326.53351 2112.2649 
0.7846528 607.5406 0.5986331 195.32271 93.318031 374.66528 282.20926 205.9872 192.5999 444.28064 327.44275 2115.8257 
0.7887202 1209.911 0.395483 195.59706 93.226028 372.77448 281.40143 205.24184 192.0641 443.54498 325.69662 2109.5464 
0.8088346 1200.541 0.4217601 195.86841 93.594017 372.31369 281.1438 205.42476 192.20573 443.302 325.45944 2109.3118 
0.8163149 5207.661 0.09177173 196.37639 93.648788 370.42133 280.69919 204.77805 191.91002 443.79111 324.05328 2105.6782 
0.8316717 1286.651 0.4399741 196.19476 93.991226 371.6474 281.09073 205.58241 192.40021 442.75562 325.04248 2108.7048 
0.8604743 2678.658 0.3196997 196.92732 94.443878 369.96777 280.58194 205.46321 192.41959 442.74844 323.88705 2106.4392 
0.8785112 1800.443 0.3452957 197.10928 94.800789 370.49863 280.66934 205.92793 192.64468 441.82254 324.2605 2107.7336 
0.8873493 2285.209 0.3677945 197.31256 94.95504 369.7959 280.53152 205.90131 192.67981 442.14096 323.79764 2107.1147 
0.8956628 1580.668 0.4263396 197.30148 95.119324 370.24615 280.69128 206.23232 192.88261 441.6524 324.14987 2108.2754 
0.9012444 1312.47 0.3855251 197.36685 95.29792 370.83133 280.93661 206.57462 193.1319 441.13541 324.56927 2109.8438 
0.9012444 1312.47 0.3855251 197.3644 95.285553 370.85391 280.83417 206.46523 193.10852 440.94757 324.63724 2109.4966 
0.907979 1467.075 0.3576177 197.47102 95.416664 370.63422 280.71082 206.46275 193.10461 440.80054 324.36853 2108.9692 
0.9173022 1253.573 0.4498721 197.54893 95.555168 370.4834 280.81519 206.71236 193.18861 441.02921 324.45044 2109.7832 
0.9182159 1575.46 0.4637123 197.6629 95.502396 369.86801 280.5936 206.48805 193.14841 441.27979 324.0105 2108.5537 
0.9485289 1228.573 0.4235075 198.08841 96.14933 370.34473 280.8139 207.17789 193.60251 440.08115 324.44315 2110.7012 
0.9550007 695.0939 0.5929682 197.90552 96.352127 371.69266 281.47156 207.94427 194.09065 440.46173 325.60901 2115.5278 
0.9581697 2030.539 0.4062735 198.39627 96.23774 369.04831 280.43381 206.89752 193.49849 440.7207 323.50833 2108.7412 
0.9858982 1013.751 0.4840207 198.6125 96.842331 370.56607 280.91672 207.87677 194.15733 439.57513 324.58075 2113.1277 
1.01067 1528.435 0.3604113 199.17932 97.288406 369.47388 280.69791 207.87036 194.27269 439.02017 323.81915 2111.6218 
1.024409 1585.199 0.3782072 199.42494 97.525841 369.18814 280.63348 208.05402 194.35271 438.9646 323.66977 2111.8135 
1.027949 1605.719 0.3473061 199.52499 97.601501 369.33859 280.66113 208.14415 194.45358 438.67651 323.69003 2112.0906 
1.027949 1605.719 0.3473061 199.52551 97.61689 369.23724 280.65613 208.14502 194.44566 438.81207 323.67853 2112.1169 
1.065889 3203.603 0.2838486 200.41614 98.23632 367.89218 280.32184 208.28807 194.71101 439.07004 322.80557 2111.7412 
1.073573 1337.773 0.4201619 200.21616 98.453186 369.23999 280.75607 208.95853 195.061 438.23398 323.79831 2114.7173 
1.088151 2798.566 0.3975092 200.78362 98.632271 367.64078 280.38449 208.58575 194.98738 439.05161 322.78696 2112.8528 
1.094131 1169.032 0.4639288 200.52634 98.820732 369.23685 280.82413 209.28328 195.32779 437.95193 324.0076 2115.9788 
1.098433 2554.699 0.414904 200.93431 98.827103 367.68582 280.40945 208.7832 195.1078 438.93338 322.84052 2113.5215 
1.101324 1570.187 0.3529426 200.87192 98.971077 368.83371 280.68887 209.21043 195.33493 437.79132 323.62378 2115.3262 
1.109184 2683.69 0.4149575 201.1618 99.028168 367.43216 280.36945 208.94203 195.22249 438.72269 322.74814 2113.627 
1.121654 3000.129 0.3565736 201.41789 99.265457 367.41766 280.3999 209.10204 195.4057 438.60355 322.69833 2114.3103 
1.124353 2250.86 0.4525342 201.33281 99.29892 367.66714 280.51801 209.198 195.42432 438.37341 322.8819 2114.6946 
1.136097 2949.543 0.4148752 201.67361 99.514572 367.21878 280.44113 209.28004 195.57295 438.65344 322.6499 2115.0044 
1.136097 2949.543 0.4148752 201.6525 99.519035 367.32175 280.44543 209.29752 195.57977 438.54034 322.62238 2114.9785 
1.155163 2517.942 0.2936136 201.92648 99.91584 367.77838 280.58038 209.71025 195.86922 437.51208 322.95612 2116.2488 
1.158886 1636.535 0.39401 201.80173 100.01173 368.25601 280.73987 210.00092 195.99928 437.20599 323.34799 2117.3635 
1.170409 3341.116 0.3377255 202.3239 100.18235 367.12082 280.49146 209.853 196.00587 438.08893 322.60199 2116.6685 
1.174468 1903.289 0.3356604 202.18802 100.28136 368.00491 280.74814 210.20401 196.18198 437.14664 323.22842 2117.9834 
1.187457 3135.417 0.3653429 202.61018 100.47828 367.13196 280.55948 210.091 196.24246 437.86023 322.64108 2117.6145 
1.21611 1769.828 0.4240055 202.89224 101.01372 367.75964 280.89053 210.86646 196.71426 436.89523 323.21548 2120.2476 
1.217778 1082.936 0.4960923 202.7406 101.08279 368.74539 281.08066 211.22626 196.9574 436.39487 323.88483 2122.1128 
1.23457 1944.532 0.446901 203.32651 101.36138 367.46799 280.79492 211.03574 196.92381 436.93246 323.09216 2120.9351 
1.242393 2001.067 0.5371516 203.48715 101.48276 367.23016 280.7442 211.10391 197.01385 437.36905 322.92151 2121.3525 
1.252133 1213.96 0.5233593 203.44482 101.68019 368.34192 281.07617 211.70572 197.27631 436.3999 323.7334 2123.6584 
1.252133 1213.96 0.5233593 203.49393 101.699 368.23074 281.07324 211.70819 197.2966 436.49179 323.66849 2123.6621 
1.261153 1393.727 0.4753649 203.6656 101.8416 368.07916 281.01874 211.79872 197.36575 436.24216 323.56448 2123.5762 
1.263836 865.1347 0.5629763 203.46616 101.91775 369.25226 281.58292 212.24928 197.68036 436.18478 324.44098 2126.7744 
1.270964 1389.511 0.4383273 203.85226 102.04887 368.1593 281.14737 211.94342 197.50572 436.06464 323.6525 2124.374 
1.294777 745.5893 0.5957333 204.00624 102.51597 369.72018 281.83295 212.93121 198.19296 435.80878 324.87445 2129.8828 
1.313026 3342.527 0.1685902 204.97054 102.87216 367.32019 281.05109 212.27888 197.9462 435.78439 322.99594 2125.2195 
1.31677 1007.46 0.539618 204.57484 102.87939 368.71246 281.51596 212.95886 198.23424 435.71622 324.11063 2128.7026 
1.323102 3665.476 0.1453376 205.17949 103.06117 367.21997 281.07501 212.44533 198.0419 435.76947 323.0184 2125.8105 
1.33574 2389.748 0.2677761 205.32483 103.27904 367.60852 281.18103 212.74149 198.28616 435.44916 323.25671 2127.127 
1.562268 1414.758 0.4406554 209.45522 107.28304 368.20746 282.40781 216.82596 201.51389 434.17767 324.48868 2144.3599 
1.643888 2309.926 0.2561874 211.31772 108.80967 367.97293 282.78891 218.13635 202.62369 433.64792 324.45465 2149.752 
1.643888 2309.926 0.2561874 211.30162 108.84128 367.98166 282.81128 218.12708 202.6617 433.83893 324.45636 2150.0198 
