## Sat Jul  6 17:00:38 2024; Sample: 1; # of loci: 8; NrunsPerPoint=30;
## pointmin=1  pointmax=100 out of PointNumber=100
0.1859651 3.599678 0.7955792 267.64886 117.54996 613.45538 441.5715 303.16315 286.16702 715.81543 525.90833 3271.2798 
0.239171 619.0288 0.137862 195.64554 85.706009 408.61938 298.92038 210.77887 196.66302 481.26126 351.84525 2229.4397 
0.260555 0.09073597 0.06452121 356.8782 153.80756 851.95032 607.52185 402.78943 383.57407 986.60077 724.99872 4468.1206 
0.2750949 0.1878327 0.768557 342.4523 148.41624 816.66394 583.63824 387.08331 368.54187 946.42706 695.36188 4288.585 
0.2778901 0.02764463 0.2828232 362.93845 156.0737 867.58063 618.33655 409.68869 390.34518 1004.235 738.10443 4547.3027 
0.2835382 0.01675213 0.1992715 363.63229 156.27643 869.37762 619.55682 410.44788 391.02762 1006.2401 739.64484 4556.2036 
0.3226024 8.890259e-06 0.9785615 359.03256 154.27077 859.05072 612.07312 405.28299 385.96436 994.40289 730.81927 4500.8965 
0.3557219 0.004789345 0.8835616 352.66574 151.71889 844.03461 601.45044 398.14148 379.02609 977.28253 718.11047 4422.4302 
0.3835045 0.7504995 0.2796632 303.16916 133.1835 716.36517 514.02295 342.72134 324.6691 832.69812 611.54248 3778.3716 
0.4555934 41.25025 0.8650199 205.11122 95.146072 433.92984 316.91577 225.40276 212.12404 504.88461 375.56772 2369.082 
0.4555934 41.25025 0.8650199 205.20906 95.378319 432.36655 317.35684 225.64114 211.718 504.98047 375.30203 2367.9524 
0.5135308 53.4795 0.6786604 203.64233 95.034737 426.48563 312.91769 223.22978 209.41856 496.74316 369.03638 2336.5083 
0.5622325 1009.227 0.3930788 192.8903 89.240265 379.12247 283.85458 203.75743 190.86731 451.84143 330.02765 2121.6016 
0.5654372 90.27025 0.1939396 203.321 95.850471 424.29556 311.80197 224.85162 209.82127 492.17026 367.13358 2329.2458 
0.6565039 0.02992898 0.5952123 317.64252 138.13968 759.13843 541.61273 358.59564 340.40524 880.27911 646.43298 3982.2466 
0.7600322 15.05633 0.5098768 224.40012 106.85167 483.35062 353.96655 250.81078 234.11755 560.64429 417.89081 2632.0325 
0.7755446 548.5388 0.004259629 197.24002 94.802261 385.68869 288.39944 211.1281 196.52974 449.57974 335.51208 2158.8799 
0.7935025 0.9839859 0.9590287 275.16406 123.94659 643.56213 463.00516 310.05841 293.3999 746.78833 550.10443 3406.0291 
0.8860988 16.64368 0.4306663 223.93619 108.01965 476.19406 350.66068 249.80101 233.60027 552.51068 412.82858 2607.551 
0.9226975 402.9614 0.06820467 199.51492 97.607979 385.79349 289.06757 213.76047 198.91484 447.85098 336.08289 2168.593 
0.9449645 4.737511 0.5869594 244.84921 114.97749 546.55713 397.44308 274.66766 257.74393 634.65332 470.11676 2941.0085 
0.9449645 4.737511 0.5869594 244.91704 114.95979 546.84924 397.44141 275.0477 257.81693 634.77222 470.20273 2942.0068 
1.030398 0.002530809 0.8192479 297.24045 130.88971 706.76886 504.92853 335.16684 317.40109 819.90405 602.39111 3714.6907 
1.035772 1.527917 0.1154411 267.25507 121.90222 617.60553 444.81387 300.35794 283.05057 717.60449 528.68475 3281.2744 
1.063898 0.8765681 0.583307 274.14453 123.87717 639.83838 460.14581 308.91653 291.58704 743.32452 547.13354 3388.9673 
1.173137 4048.422 0.3725183 202.44945 100.21056 366.83926 280.47607 209.79573 196.03485 438.41748 322.43649 2116.6599 
1.184996 2091.123 0.2603149 202.44432 100.51598 368.23816 280.81833 210.49332 196.31567 436.65332 323.27173 2118.751 
1.203959 0.1171868 0.4258307 286.83636 127.63904 677.7774 485.14648 323.11758 305.6008 786.59589 578.29266 3571.0063 
1.265678 0.007507061 0.839819 287.91989 127.92761 681.24512 487.29758 324.33066 306.72491 790.37421 581.06171 3586.8818 
1.28509 0.1700104 0.06446177 282.88284 126.47415 666.28076 477.22552 318.42932 300.92514 773.24738 568.71484 3514.1799 
1.360851 0.007411718 0.6617941 284.89087 127.02341 672.65454 481.38992 320.77557 303.2063 780.40948 573.89838 3544.2485 
1.381213 626.7726 0.6316001 205.5204 104.13931 370.17776 282.4751 214.59721 199.49057 435.39767 325.64639 2137.4446 
1.381213 626.7726 0.6316001 205.50327 104.09216 370.20508 282.56244 214.51123 199.54837 435.32224 325.5249 2137.2698 
1.390074 4054.957 0.007164079 206.44852 104.33455 367.70868 281.45718 213.70354 199.07222 434.55383 323.41711 2130.6958 
1.397455 179.2735 0.08868272 210.53972 107.40484 397.25403 298.71008 226.79117 209.69705 456.33502 346.99963 2253.7314 
1.424935 1.361632 0.5456893 262.12006 120.96146 601.28455 433.95517 294.26291 277.0163 698.18616 515.22516 3203.0117 
1.528628 0.002214945 0.8766621 280.32178 125.73244 659.36676 472.27753 315.37372 297.85147 764.94562 562.84204 3478.7114 
1.533293 6.612615 0.7175603 237.48543 115.67034 510.03775 373.90302 264.07355 246.77106 589.31702 440.51523 2777.7729 
1.585583 2.198393 0.3115632 254.86551 119.66586 574.38458 416.03946 285.01221 267.69318 665.86023 493.11011 3076.6311 
1.667101 139.6105 0.8626138 211.61438 109.91447 383.49228 291.18332 223.8474 207.23209 443.08652 336.97623 2207.3467 
1.693702 3.482436 0.03739692 250.26773 119.43146 553.44873 402.03671 278.77625 260.9707 641.02173 475.9064 2981.8599 
1.697608 0.002288573 0.8950365 276.30862 124.6856 647.25409 464.02261 310.58722 293.09149 750.81616 552.78998 3419.5559 
1.722811 0.106768 0.8585899 273.70517 124.0411 639.0993 458.66956 307.52591 290.11765 741.44086 546.12726 3380.7268 
1.722811 0.106768 0.8585899 273.7048 124.04078 639.12354 458.66803 307.53259 290.12042 741.44617 546.12677 3380.7629 
1.725918 0.1121807 0.6346939 273.68161 124.04308 639.01538 458.58566 307.534 290.07928 741.35327 546.04431 3380.3369 
1.734602 0.003859076 0.9305429 275.47833 124.48048 644.68695 462.2814 309.5914 292.10016 747.8161 550.66437 3407.0991 
1.961336 0.08159008 0.607065 269.96518 123.22614 627.00769 450.41055 302.97623 285.50256 727.21448 536.11584 3322.4185 
2.026717 0.6740708 0.8842152 261.30185 121.41468 597.51263 431.15323 292.56943 275.32007 692.66748 512.00311 3183.9426 
2.039673 0.2130599 0.7995643 266.84976 122.57652 616.5423 443.53214 299.21671 281.7897 715.0202 527.56445 3273.0918 
2.040191 4.598078 0.2840462 245.01605 119.5074 528.03064 386.17319 272.04868 253.87054 611.34741 456.1622 2872.156 
2.041815 5.118849 0.4604696 243.03369 118.98837 520.70984 381.2822 269.86835 251.45923 602.55487 449.83847 2837.7351 
2.052056 0.4090241 0.2538975 264.49255 122.13441 608.0166 437.94202 296.36014 278.87567 705.11951 520.53271 3233.4736 
2.107654 0.002486533 0.7374544 268.79211 123.02168 623.05396 447.66531 301.46249 283.95837 722.45001 532.79474 3303.1987 
2.155348 4.618388 0.7078421 242.88594 119.06991 520.66937 381.5719 269.46863 251.74722 602.34692 450.08273 2837.8425 
2.155348 4.618388 0.7078421 242.72189 119.07278 520.6048 381.39554 269.64871 251.72055 602.74603 450.2334 2838.1438 
2.369743 0.002710311 0.6377482 265.18674 122.42216 610.42151 439.21002 296.97775 279.42874 707.55316 522.41058 3243.6108 
2.391831 0.09503218 0.2849885 263.89233 122.20794 605.69757 436.12613 295.39917 277.84174 702.06262 518.57581 3221.8032 
2.429415 0.9327275 0.6189462 256.51053 121.03154 577.96954 418.21133 286.48071 268.93774 669.79553 496.16235 3095.0994 
2.449393 37.86903 0.4700236 230.93907 122.50069 427.39178 322.49786 249.21217 229.41017 489.36722 375.73941 2447.0583 
2.465583 0.7125645 0.1088875 257.98047 121.40865 582.58508 421.06766 287.99612 270.34854 674.99597 499.76089 3116.1433 
2.523805 104.7045 0.796565 227.06227 122.85074 393.19592 300.28958 239.63791 220.14655 448.99081 346.90939 2299.0833 
2.551293 0.0407393 0.7936098 262.7049 122.09587 601.20306 433.11667 293.85638 276.26462 696.68005 514.87158 3200.793 
2.585294 921.9499 0.2694067 229.49185 124.62386 376.12845 290.72278 236.05161 217.00166 433.30096 333.17059 2240.4919 
2.587486 5278.598 0.1967911 230.43179 124.8904 372.30478 289.51379 234.8188 216.55231 435.02304 330.49841 2234.0334 
2.618278 0.005087241 0.9895707 262.37256 122.08798 599.85626 432.19244 293.40198 275.7912 695.03534 513.75977 3194.4976 
2.618278 0.005087241 0.9895707 262.37216 122.0881 599.85681 432.19241 293.40225 275.79099 695.03564 513.75922 3194.4976 
2.670806 68.07663 0.1963702 234.33549 126.50939 418.27811 317.30157 251.18428 230.55385 476.24649 368.07413 2422.4834 
2.697429 713.7734 0.6109115 231.1673 126.05901 375.95032 291.22528 237.45255 218.32143 434.52097 333.52496 2248.2217 
2.714237 487.7399 0.3916619 231.3051 126.40987 379.59073 292.99988 239.07306 219.52122 435.06854 336.47223 2260.4407 
2.746481 57.31715 0.2159052 235.96164 127.17694 422.44928 320.23822 253.09673 232.08266 481.31079 371.63461 2443.9509 
2.746629 0.1235795 0.2449883 260.12924 121.86838 590.95026 426.36511 290.54498 272.88959 684.56879 506.53244 3153.8489 
2.795529 6.085312 0.4426962 243.02434 122.18806 503.51254 371.1633 267.69775 248.91844 581.41559 436.72769 2774.6479 
2.809056 0.02868935 0.06521319 260.38724 121.94183 591.87085 426.9278 290.82941 273.15213 685.55341 507.24951 3157.9121 
2.841827 2.769809 0.9501036 246.08327 121.10355 528.06329 386.47061 272.25131 254.44485 609.68195 455.9761 2874.075 
2.846582 147.1664 0.2221829 234.9595 128.59157 399.5831 305.65256 248.14105 226.94786 453.55759 352.71011 2350.1433 
2.886615 0.007462576 0.7582357 259.91034 121.93643 589.87073 425.60776 290.19821 272.49857 683.15625 505.61569 3148.7939 
2.886615 0.007462576 0.7582357 259.91068 121.9364 589.87189 425.60794 290.19861 272.49881 683.15662 505.61542 3148.7964 
2.90505 1.700635 0.1224245 251.44566 121.68161 550.42157 400.526 279.1485 260.9982 636.79364 473.86273 2974.8779 
2.952721 0.01886644 0.6610494 259.29657 121.91669 587.26196 423.90103 289.39209 271.66702 680.05304 503.49515 3136.9834 
3.031635 0.07790458 0.549024 258.28232 121.87764 582.91937 421.10229 288.08563 270.32285 674.92316 499.99078 3117.5042 
3.046389 0.1251724 0.8668083 257.78766 121.83628 580.85284 419.77786 287.42953 269.67871 672.45282 498.30746 3108.123 
3.07014 158.6876 0.464115 237.07243 130.88249 393.61646 302.77112 248.33186 227.13034 447.1322 348.47998 2335.417 
3.095889 2586.947 0.1241744 240.03123 132.82347 377.75671 294.11133 244.28087 224.21188 435.35657 335.73453 2284.3066 
3.137796 46.36281 0.07380687 243.27533 131.77299 434.99582 329.46606 260.82751 239.18243 495.93686 382.97284 2518.4299 
3.140326 0.1430889 0.1305697 257.14612 121.90253 577.6214 417.64636 286.5275 268.69763 668.57721 495.67743 3093.7961 
3.150181 0.3168186 0.5141249 256.0256 121.81578 572.96191 414.71103 285.17587 267.32977 663.16455 491.96075 3073.1453 
3.1681 0.6720692 0.7776548 253.93294 121.6973 563.60626 408.81332 282.45746 264.62277 652.07513 484.44678 3031.6521 
3.1681 0.6720692 0.7776548 253.9433 121.69588 563.56464 408.79343 282.46277 264.56903 652.10724 484.50128 3031.6375 
3.218258 20.54452 0.6109677 239.71107 127.6843 447.7298 337.10675 259.59344 238.89664 512.27948 392.77316 2555.7747 
3.229698 24.79401 0.3068546 242.26007 129.62646 447.47983 336.79791 261.28754 240.35712 511.12332 392.65356 2561.5859 
3.234594 43.083 0.9019784 238.22882 130.41887 416.02563 316.90271 253.01176 232.28246 472.11017 367.2821 2426.2627 
3.305981 5.958266e-05 0.9567416 257.02713 122.02814 576.76013 417.03781 286.2872 268.42334 667.44653 494.97278 3089.9829 
3.458275 10.31888 0.7450114 241.96945 126.26647 473.07388 352.57217 263.62195 243.94772 542.31366 412.72354 2656.489 
3.49303 728.0894 0.3228706 246.26991 138.07468 383.97855 298.56491 251.80002 230.24542 437.36984 341.50677 2327.8103 
3.497933 348.6887 0.4474618 245.07159 137.39049 387.28339 300.41348 252.74553 230.73341 439.75522 344.46155 2337.8545 
3.516878 0.1019379 0.7032091 255.33411 122.17162 568.37866 411.65826 283.97043 265.99332 657.43433 488.22531 3053.1663 
3.521252 1599.568 0.2185079 247.74272 139.00549 382.02979 297.98651 251.77068 230.37877 437.05716 340.07126 2326.0422 
3.533291 0.2657284 0.8944616 254.33955 122.17558 563.66766 408.70526 282.64059 264.65936 651.815 484.46851 3032.4714 
3.533291 0.2657284 0.8944616 254.33426 122.17221 563.67279 408.71478 282.63977 264.66913 651.84454 484.46027 3032.5076 
3.578019 0.008095656 0.6330094 255.53732 122.24413 569.06049 412.06168 284.17447 266.1871 658.17383 488.75949 3056.1985 
3.660924 51.78165 0.4761352 245.39497 135.41919 421.06378 321.26935 260.75522 238.37355 477.14774 372.215 2471.6389 
3.702389 4.798193 0.4148098 246.31062 125.00137 505.06909 372.48462 270.47842 251.05283 581.7027 438.12036 2790.22 
3.760117 30.04379 0.01813258 250.40533 135.85814 450.92413 340.0296 268.73242 246.32645 513.02563 396.16788 2601.4697 
3.774728 0.01844051 0.3200521 254.63535 122.46914 563.87567 408.73495 282.83865 264.75372 651.90247 484.59058 3033.8005 
3.784318 71.12873 0.07289632 251.4203 139.54411 425.9787 324.92374 266.52481 243.29015 481.41617 376.35193 2509.4497 
3.812879 50.48628 0.2456753 249.39917 137.71675 428.43359 326.47598 265.14053 242.16261 485.09048 378.33011 2512.7493 
3.834423 0.06023996 0.3857496 254.22838 122.55647 561.53351 407.25433 282.24899 264.12653 649.09149 482.71918 3023.759 
3.842187 6.6436 0.0419481 248.02776 127.70684 496.68781 367.42282 270.78619 250.81487 570.69757 431.74002 2763.8838 
3.964688 1837.125 0.5338086 256.02032 145.33531 384.52255 301.33023 258.87323 236.40689 440.87793 343.31479 2366.6812 
3.964688 1837.125 0.5338086 256.00662 145.33165 384.53448 301.34009 258.84793 236.41444 440.81702 343.27264 2366.5649 
