0.3456884 6106.339 0.9996759
0.3464154 1314.162 0.9678694
0.3484703 2671.228 0.9982307
0.3487414 1940.017 0.8238095
0.3505999 2147.401 0.9979005
0.3506485 3840.882 0.9887177
0.3519543 1892.34 0.997439
0.3537362 4450.846 0.8205377
0.3537693 1528.937 0.9920833
0.3542021 987.7664 0.996183
0.3560691 1661.976 0.9797323
0.3570478 1687.826 0.9935265
0.3573917 4184.421 0.9906279
0.358258 2726.44 0.9985575
0.3585306 1936.882 0.9973421
0.3636975 2603.584 0.9984044
0.364979 5704.904 0.9773505
0.3683063 782.559 0.886617
0.3701114 3276.211 0.9889291
0.3733694 1539.415 0.9970467
0.3752198 824.9918 0.9607355
0.3756934 2332.237 0.9733114
0.3767367 840.1196 0.9957867
0.3774215 2246.202 0.9990619
0.3784968 719.8309 0.9376914
0.3786752 2824.646 0.9994203
0.378775 3232.847 0.9814026
0.3795246 1718.808 0.8753807
0.3800304 1714.929 0.780861
0.3803796 1356.956 0.9891312
0.3819424 1040.341 0.9964444
0.3825924 1142.647 0.9922294
0.3831046 4790.197 0.9996759
0.3840308 1890.427 0.9985933
0.3841074 849.3869 0.9799923
0.3849603 2904.859 0.9989648
0.3855668 4582.803 0.9895656
0.3864483 1658.143 0.7830473
0.386913 3843.021 0.9922278
0.3875745 3649.768 0.9576072
0.3889959 5093.722 0.9659862
0.3892151 3774.487 0.3519052
0.3892654 3379.059 0.9371466
0.390511 2475.336 0.9181524
0.3905592 1023.887 0.9773762
0.393199 729.8596 0.9585265
0.3936397 5073.23 0.9988937
0.395894 1058.006 0.9093722
0.3988132 1296.035 0.9254901
0.3995812 1119.458 0.9838382
0.3996933 1280.079 0.9795784
0.3998006 3218.656 0.9718345
0.4005607 1868.985 0.996119
0.400681 4782.592 0.9994607
0.401077 1473.122 0.996277
0.4020679 5597.496 0.9894719
0.4028818 2776.737 0.9969563
0.4046261 1824.329 0.9920345
0.4054033 4029.657 0.9923605
0.4068362 2006.294 0.9973321
0.4069678 3211.193 0.8097598
0.4071236 3151.006 0.9891941
0.4081234 5848.217 0.9868936
0.4085656 1013.632 0.9970978
0.4112215 2768.484 0.7812838
0.4136501 4328.232 0.9987896
0.414087 3293.62 0.9813452
0.4150503 5648.557 0.9962242
0.4150598 996.846 0.9961895
0.4153339 4741.093 0.9721208
0.4154909 3819.584 0.3113625
0.4163944 4279.721 0.8670817
0.4176476 1465.493 0.9979551
0.4185734 4875.56 0.9607713
0.418979 1140.118 0.9962767
0.419445 1735.068 0.98683
0.4200712 5980.335 0.9985142
0.4202231 4598.293 0.9990318
0.4202926 879.332 0.9579478
0.4203963 5794.245 0.9971095
0.4209371 5108.656 0.9965809
0.4214019 4316.467 0.9951937
0.4217422 1581.034 0.9893314
0.4221491 1171.61 0.9925358
0.4221625 4054.844 0.9976192
0.4223606 966.5953 0.9969954
0.4228674 2457.996 0.9978064
0.4255537 1447.916 0.9809872
0.4258691 1581.925 0.9414369
0.4266928 385.3685 0.9931022
0.4268202 2505.728 0.8441796
0.4273454 5896.377 0.9953572
0.4275974 4666.958 0.9991009
0.4282401 609.7572 0.9695884
0.4288244 3166.874 0.9980533
0.4298598 2757.419 0.9798681
0.4311304 5350.585 0.9501338
0.4312253 5141.854 0.9929859
0.4313565 5880.215 0.998958
0.4315176 1914.169 0.9973015
0.432384 5854.169 0.9986042
0.4336768 987.0065 0.9975443
0.4338747 3572.748 0.9863111
0.4340018 5894.432 0.9988674
0.4347459 2337.16 0.9916605
0.4352338 1252.173 0.9608217
0.437923 5018.321 0.9744809
0.4382105 1280.101 0.9970768
0.4385206 1595.075 0.9950403
0.4413299 1128.293 0.9776009
0.4426379 5469.419 0.9993193
0.4429892 876.8884 0.9824544
0.443024 4557.66 0.9967325
0.4432882 4524.871 0.992389
0.4439844 3081.565 0.9979579
0.4440866 1003.447 0.9842134
0.4444968 1761.402 0.9742055
0.4446359 4195.127 0.5030365
0.4447616 965.248 0.9975388
0.4451303 5431.218 0.9954665
0.4453336 1143.543 0.9950849
0.4454876 1543.19 0.998752
0.4487044 1809.734 0.9882678
0.4493144 950.208 0.9978131
0.4493613 1357.401 0.94838
0.4494758 5630.772 0.9993166
0.4505179 4648.197 0.6953151
0.4511097 1359.702 0.9978403
0.4516094 602.7442 0.9556228
0.4518555 1050.92 0.9807744
0.4519605 5227.142 0.8841228
0.4523382 1521.231 0.9977915
0.4524306 1508.35 0.9846378
0.4540932 1353.589 0.9541064
0.4541708 1248.686 0.8901888
0.4545679 4791.863 0.9921427
0.4548208 2052.367 0.9390258
0.4556938 5094.173 0.9994529
0.4561802 975.3014 0.9929301
0.4570395 3226.568 0.8463678
0.4583714 784.0428 0.9903601
0.458857 4406.916 0.6270211
0.4590717 4922.786 0.9989383
0.4593316 3429.191 0.7943491
0.4597601 1914.35 0.9969513
0.4608864 1135.526 0.9763093
0.4609057 1022.683 0.9962862
0.4628578 1158.878 0.8723037
0.4648439 4187.018 0.9969489
0.4650443 655.2179 0.9453389
0.4652572 4032.276 0.9993463
0.4655483 4226.374 0.9981415
0.4655943 2000.789 0.9951297
0.4661163 3068.403 0.9083498
0.4665613 905.3646 0.9418481
0.4669315 2324.933 0.9992968
0.4677502 1681.598 0.9687152
0.4686445 1041.478 0.935376
0.469067 3640.235 0.9767896
0.469988 5067.86 0.7717495
0.4711674 837.5671 0.9128048
0.4722659 1090.816 0.9459506
0.4737457 4335.413 0.5180517
0.473758 4707.668 0.9633298
0.4743095 5686.101 0.9937544
0.4747507 1143.589 0.9042913
0.4752641 1934.083 0.9890669
0.4769881 2739.402 0.9790731
0.4771388 1076.636 0.9881486
0.4795037 2757.509 0.5398856
0.4802302 4568.221 0.865037
0.4807033 949.281 0.9981367
0.4816499 1247.213 0.9923461
0.4818304 5191.169 0.8726125
0.4830279 5079.635 0.9991698
0.483544 4099.281 0.9976287
0.4838717 1245.068 0.9979877
0.4864724 5230.15 0.7131469
0.4869552 4843.764 0.9896057
0.4874746 5039.617 0.9996759
0.4878214 4635.673 0.9603958
0.4878832 3234.02 0.9911836
0.4905796 2440.194 0.9987097
0.4925777 944.1143 0.9884123
0.4931981 4410.21 0.9982014
0.4932323 1184.959 0.8999693
0.494765 3667.882 0.9643022
0.4961879 2135.471 0.9948628
0.4963859 2806.739 0.9812269
0.496733 2136.992 0.9710389
0.49715 3673.594 0.9995316
0.4971902 5198.275 0.9971634
0.4980116 3029.011 0.9991926
0.4981967 3059.161 0.9650161
0.4996031 1593.651 0.9979242
0.5004997 1929.648 0.9358776
0.5005366 5223.738 0.9772979
0.502927 4576.676 0.8238444
0.5038446 1493.022 0.9601598
0.5039355 2221.263 0.7128728
0.5051889 1680.195 0.9981302
0.5051917 5600.97 0.9996759
0.5053102 2682.578 0.9987207
0.5060731 5191.219 0.7161959
0.5063858 5265.494 0.9879776
0.5065963 5159.258 0.8418986
0.5069401 639.3764 0.9699709
0.5072709 5373.939 0.9619054
0.5076639 3180.658 0.8278525
0.5104885 3816.294 0.9830665
0.5116572 2476.393 0.9967216
0.5120515 4743.991 0.9996759
0.5142158 3783.429 0.97077
0.5150264 1949.523 0.9846192
0.5171829 2207.581 0.9976867
0.5188731 4114.107 0.9996759
0.5204501 1319.307 0.998194
0.5210302 3527.187 0.9976628
0.5223248 4045.576 0.8399465
0.5227793 3543.633 0.9934061
0.5244219 1209.513 0.9213828
0.5249487 2060.802 0.9991712
0.5252414 1167.514 0.9026105
0.5262523 3192.118 0.9683122
0.52646 1087.257 0.9010993
0.5279623 2522.93 0.8318549
0.5288987 4487.512 0.4984643
0.5293706 3401.946 0.9957247
0.5297916 2435.92 0.9961032
0.5310911 2249.221 0.9597632
0.5320536 1358.031 0.9930591
0.5372775 4517.938 0.9184612
0.5397469 973.586 0.9934827
0.5422005 4419.826 0.9707135
0.544236 5453.693 0.9950176
0.5445196 2047.2 0.9990132
0.548387 2652.921 0.9987462
0.5507953 662.6702 0.9892876
0.551358 4668.687 0.7100524
0.5533009 1461.476 0.9977416
0.5549271 5070.646 0.9996759
0.5580774 5702.399 0.9586087
0.5624552 3692.42 0.9987111
0.5630314 5324.835 0.9996759
0.5667904 2569.709 0.9996759
0.5693845 3829.906 0.9981415
0.5700191 2740.132 0.953577
0.570459 1422.28 0.998675
0.5770415 1859.279 0.8709227
0.5782329 1852.198 0.7199877
# initCovFnParam= 0.340645283973342 1007.5287630469 5.18429032086737 4
