0.3338438 1526.791 0.9257709
0.3438737 3283.609 0.9908005
0.3455331 3512.423 0.8038089
0.3457609 3281.472 0.9995416
0.3475338 2066.134 0.6597105
0.3504197 3476.148 0.9995416
0.3583323 2391.18 0.9919031
0.3587656 2808.585 0.9991505
0.3601241 3506.67 0.945652
0.3614423 2283.115 0.9947258
0.3641952 2811.82 0.5303343
0.3714577 2713.027 0.6000896
0.3728043 1096.493 0.9971688
0.3735133 3823.708 0.9982265
0.3758607 571.8058 0.9959388
0.3760675 1022.951 0.964075
0.3767605 3358.91 0.9873152
0.3774859 1092.478 0.9759176
0.378339 3737.987 0.9801272
0.3793659 3606.54 0.9961288
0.380869 2311.969 0.9975011
0.3809979 6160.927 0.9969373
0.3812643 1893.607 0.9983246
0.3860079 1764.177 0.997531
0.3866746 1448.07 0.9891045
0.3898807 2216.747 0.976783
0.3902094 1883.395 0.9649994
0.3905876 1965.779 0.9952221
0.3913332 3591.639 0.9734999
0.3917163 1696.251 0.9941873
0.3930716 1882.681 0.7994398
0.3934553 5125.674 0.9994006
0.3939017 2144.194 0.9888293
0.3952935 1598.259 0.8795734
0.3953338 3741.393 0.9872005
0.39555 1756.763 0.9738506
0.3959869 1571.544 0.9949865
0.3964769 4008.304 0.9196963
0.3978098 2498.473 0.989565
0.3980745 6134.612 0.9995416
0.3982379 3953.428 0.9896197
0.3991594 3820.886 0.9991355
0.4003638 3605.929 0.909328
0.401282 4284.058 0.9994187
0.4021384 3948.384 0.5478449
0.4039941 3927.014 0.9697745
0.404715 4128.958 0.9994771
0.4063724 3794.818 0.9959871
0.4083848 2452.111 0.937143
0.4100227 3380.822 0.9554216
0.4105243 2297.567 0.9961848
0.4125131 1967.911 0.8522493
0.4149399 2631.63 0.9821289
0.4154118 557.1809 0.9529716
0.416801 4389.206 0.988093
0.4176546 4212.173 0.9941252
0.4181296 2637.643 0.7949155
0.4183155 1519.669 0.9963542
0.418783 4089.547 0.9849698
0.4198439 4796.75 0.7350893
0.4210872 1593.144 0.9888912
0.4219423 3540.283 0.4374325
0.4219917 658.1843 0.9755578
0.4223812 1344.724 0.9206064
0.4236194 2823.181 0.9988786
0.4259412 2382.888 0.9976194
0.4264686 2124.812 0.9975737
0.4279845 5037.016 0.8802738
0.4285196 4498.913 0.7631875
0.4290665 4911.416 0.975752
0.4294175 4832.053 0.5339121
0.4295823 4937.299 0.9954357
0.4308089 2368.453 0.9332722
0.4330948 1194.007 0.9850264
0.4341027 2331.185 0.9850144
0.4351507 1336.155 0.9775308
0.4354764 1125.145 0.9681594
0.4358914 1534.617 0.9818936
0.4362029 826.4468 0.9799635
0.4366454 1351.34 0.9868005
0.4370132 3058.935 0.9526697
0.4370309 2877.271 0.9991251
0.4374008 1257.487 0.973029
0.4378529 5182.811 0.9853227
0.4378789 923.7822 0.9779816
0.4384169 609.4975 0.9928115
0.4391814 1052.344 0.9791443
0.4397056 1262.931 0.9706629
0.4400204 969.6885 0.9952453
0.4400872 2151.138 0.991125
0.4401127 1158.28 0.8823292
0.4408602 3440.663 0.9626944
0.4414534 5340.674 0.9986812
0.4415911 2162.574 0.9982951
0.4417399 3899.996 0.8901779
0.44228 1363.754 0.9790595
0.4427991 1405.485 0.9277852
0.4429099 1436.405 0.9619502
0.4432332 1359.918 0.9657593
0.443887 984.3081 0.9959604
0.4440936 881.4573 0.9740132
0.4441723 1041.648 0.9938335
0.4444628 2922.126 0.5534472
0.4445979 1004.435 0.955655
0.4450052 955.7271 0.9924287
0.4455265 5021.539 0.9995416
0.4455522 2849.901 0.5260846
0.4458474 1437.922 0.9683669
0.4463585 979.9698 0.9967259
0.4464414 965.6009 0.9929054
0.4464762 1076.559 0.9956798
0.4467372 4293.917 0.9986083
0.4469148 3418.548 0.9491379
0.4470941 1182.971 0.9825038
0.4471122 4668.421 0.9620468
0.4475455 744.8173 0.9972454
0.450284 3698.676 0.6739167
0.4510745 927.5871 0.996947
0.4512548 1141.565 0.9956583
0.4515571 996.5017 0.9968217
0.4521504 3478.483 0.9892107
0.4521756 1114.206 0.9943746
0.4521787 913.4876 0.9942405
0.4534706 726.4759 0.9846997
0.4536514 2598.844 0.9673051
0.4543933 5439.658 0.9995416
0.4544948 4772.163 0.994982
0.4557199 1516.117 0.9968077
0.455953 1439.736 0.907512
0.4566614 1209.078 0.9978494
0.4582557 2492.383 0.9946646
0.4582846 3943.42 0.9928698
0.4590107 2279.653 0.9926816
0.4593169 986.906 0.9695941
0.4600972 1097.439 0.9774489
0.4602437 1878.983 0.7001321
0.461225 1377.964 0.9821108
0.4622189 4586.324 0.9787113
0.4624127 775.143 0.990295
0.4636579 1221.976 0.9880131
0.4646982 3548.312 0.9989774
0.4648418 708.1474 0.9742501
0.4656207 2467.128 0.9935737
0.465819 3897.601 0.688899
0.4660435 5293.213 0.9962111
0.4663304 2912.893 0.6918913
0.4669968 981.9102 0.9972079
0.4676085 4645.558 0.9976107
0.4687077 3804.293 0.6340334
0.4688801 3774.603 0.9984018
0.4689054 984.4184 0.9967482
0.4723454 5505.666 0.9932668
0.4737081 5186.605 0.9512817
0.4738964 1559.102 0.9717706
0.4748762 3750.21 0.9988826
0.4776091 369.5964 0.9935377
0.4777711 4279.796 0.9671117
0.4783189 4232.211 0.5445907
0.4786704 3868.226 0.7895744
0.479358 2776.325 0.9986538
0.4793821 3578.034 0.9621349
0.4797782 2778.306 0.997912
0.4800512 1143.235 0.9895705
0.4802647 1664.669 0.9962637
0.4805175 3983.969 0.6421174
0.4808788 3167.939 0.5759189
0.4813407 1873.476 0.9651786
0.4820198 2593.663 0.9729205
0.4829577 3708.418 0.9534429
0.4830033 2224.863 0.8954516
0.4835562 1518.415 0.9968772
0.4854138 3343.369 0.99503
0.4855333 4181.853 0.9675491
0.4858324 4292.278 0.7464486
0.4861151 4741.212 0.9803708
0.4878674 5378.097 0.9692662
0.4885482 5099.573 0.9402399
0.4885542 2768.781 0.8842136
0.4888049 996.2293 0.996949
0.4889033 4873.943 0.9866025
0.4897733 2022.879 0.9907438
0.4911069 1147.186 0.9973648
0.4911977 3599.837 0.9946502
0.4912337 1043.041 0.9240699
0.4916416 5141.466 0.9717966
0.4917026 1832.76 0.9922671
0.4918358 2803.305 0.9981408
0.4929023 954.1047 0.9848857
0.4941843 936.0036 0.9803761
0.4956394 1324.029 0.9908126
0.4958314 3587.494 0.9992394
0.4963426 3587.915 0.9860174
0.4964106 3529.092 0.9995253
0.4964828 4613.014 0.1930026
0.4974022 3292.355 0.9983032
0.4982729 3797.915 0.9985558
0.4984991 3916.353 0.9989713
0.4985746 4554.546 0.9972236
0.5003847 4337.094 0.9995416
0.5005379 4158.13 0.9437188
0.5012083 3335.945 0.9848502
0.5035011 2635.915 0.6296316
0.5052877 4774.901 0.94459
0.5053609 3642.504 0.8184559
0.5056548 5266.007 0.989128
0.5071121 2790.329 0.9956303
0.5074275 1475.749 0.9938864
0.5080145 3522.924 0.9992977
0.5093591 4225.706 0.9987278
0.5097143 2501.306 0.9843226
0.5126068 953.0076 0.9973324
0.5135061 1355.973 0.9988525
0.5135116 4283.04 0.7354529
0.5141409 3370.752 0.9980235
0.5145083 4650.456 0.9825703
0.5149154 4777.223 0.7711248
0.5197817 2839.998 0.9892796
0.5210828 2913.287 0.9448422
0.5212835 4143.899 0.9990734
0.5220503 3450.424 0.9995416
0.5223497 5041.609 0.9920922
0.5253434 2994.2 0.9833178
0.5267994 2597.93 0.9880084
0.5287391 4803.745 0.3564345
0.528771 1362.7 0.9951534
0.5295847 1692.407 0.9665238
0.5300764 939.4438 0.9297079
0.5313967 5104.123 0.8490772
0.5322148 2311.528 0.9989313
0.5359693 3358.041 0.9928895
0.5365068 3713.182 0.9984488
0.5368409 685.3459 0.8860783
0.5374672 3319.613 0.9987687
0.5384882 2370.018 0.9318846
0.5418501 2195.728 0.9546545
0.5428195 1964.112 0.9855335
0.543488 1247.115 0.9855344
0.5437225 4013.62 0.9994822
0.5442273 4967.923 0.5197453
0.5457389 3338.535 0.994657
0.5477152 3237.154 0.9958932
0.5540012 2088.324 0.8080761
0.5543368 4272.281 0.9995146
0.5545676 1619.524 0.9766052
0.5588541 3250.195 0.9257213
0.5663788 1049.874 0.9586321
0.568042 1830.245 0.9979016
0.568141 2418.064 0.9827642
0.5725075 3638.214 0.9786985
0.5868741 781.1756 0.9970397
# initCovFnParam= 0.312623121762654 996.925862041734 4.92440177702025 4
