## Tue Mar 15 19:29:52 2022; Sample: 1; # of loci: 8; NrunsPerPoint=30;
## pointmin=1  pointmax=200 out of PointNumber=200
0.4316986 2194.351 0.9282184 307.71136 158.12076 626.258 394.52045 358.77716 302.12268 624.12689 492.96381 3264.6011 
0.4364013 2076.246 0.9276159 307.86536 158.33997 625.97229 394.49881 358.82135 302.21005 623.86688 492.85553 3264.4302 
0.4381372 2032.83 0.9384542 307.901 158.41556 625.90674 394.4855 358.84067 302.22192 623.74103 492.80624 3264.3186 
0.4396111 2027.082 0.9374951 307.93842 158.48669 625.83435 394.49609 358.84793 302.23898 623.71375 492.81265 3264.3689 
0.4402475 1953.45 0.9262001 307.95966 158.53329 625.76428 394.50839 358.84012 302.25076 623.65784 492.78421 3264.2983 
0.4419411 2386.115 0.9321433 308.00748 158.55191 625.83563 394.51932 358.95551 302.31094 623.73016 492.70975 3264.6208 
0.4434435 2062.127 0.9030465 308.0481 158.63625 625.67053 394.52347 358.91928 302.32071 623.5625 492.80978 3264.4907 
0.4493297 1808.67 0.9312491 308.23334 158.9538 625.35406 394.49158 358.93848 302.40027 623.23474 492.67456 3264.281 
0.4502026 1658.294 0.9287981 308.25439 159.01863 625.25769 394.51895 358.92609 302.39438 623.10602 492.67911 3264.1553 
0.4503156 1417.645 0.9613688 308.23688 159.10237 625.24664 394.48734 358.85229 302.39502 622.97076 492.61731 3263.9087 
0.4514078 1949.918 0.9505091 308.31812 159.02492 625.30426 394.49915 359.01996 302.45322 623.12982 492.57294 3264.3223 
0.4530649 2024.295 0.9388827 308.34695 159.08217 625.24536 394.52176 359.03955 302.48026 623.14398 492.58377 3264.4438 
0.4533351 1678.734 0.9086748 308.32242 159.13054 625.13757 394.46729 358.97467 302.46606 623.04382 492.66858 3264.2109 
0.4547538 1377.539 0.9526599 308.39359 159.29932 625.00977 394.51535 358.87329 302.4769 622.72687 492.58734 3263.8823 
0.4556691 1847.308 0.9287157 308.40045 159.22551 625.13751 394.50583 359.03445 302.50137 622.98047 492.51706 3264.3027 
0.4565675 906.2973 0.9749143 308.45572 159.63503 624.8949 394.6532 358.72751 302.50861 622.35486 492.84006 3264.0701 
0.457086 2393.515 0.9438455 308.49722 159.21365 625.12842 394.50067 359.16083 302.57156 623.11365 492.46649 3264.6526 
0.4591512 1424.544 0.9327033 308.50699 159.46301 624.78809 394.54547 358.97577 302.54724 622.57672 492.60858 3264.012 
0.4595322 2427.701 0.9468742 308.53436 159.31415 625.01776 394.51764 359.25134 302.61105 622.9765 492.41449 3264.6372 
0.4606882 828.802 0.9751216 308.62595 159.84242 624.73083 394.64343 358.71735 302.55688 622.15668 492.82196 3264.0957 
0.4606882 828.802 0.9751216 308.6348 159.86879 624.68854 394.70535 358.74142 302.64337 622.15857 492.81314 3264.2542 
0.4609177 1276.567 0.942459 308.56451 159.60516 624.70947 394.55005 358.97134 302.56088 622.44006 492.58633 3263.9878 
0.461005 2379.627 0.9453644 308.61325 159.39865 624.94586 394.52304 359.23526 302.63321 622.89758 492.43918 3264.6863 
0.4615732 1535.694 0.9350488 308.55219 159.54576 624.7724 394.4906 359.07947 302.58301 622.58008 492.54108 3264.1445 
0.4615978 1173.692 0.9666382 308.61874 159.68307 624.66144 394.56964 358.91129 302.56342 622.37579 492.53458 3263.918 
0.4616261 1397.561 0.966873 308.58063 159.59862 624.67365 394.53452 359.0032 302.59354 622.47467 492.52399 3263.9827 
0.4616287 1453.374 0.9379274 308.57379 159.5668 624.7171 394.53363 359.03479 302.60327 622.55688 492.56216 3264.1484 
0.4621646 1602.974 0.954682 308.59689 159.55475 624.74677 394.5376 359.10681 302.62338 622.58966 492.45169 3264.2075 
0.4623109 1688.203 0.9442097 308.62051 159.54333 624.71399 394.50934 359.1275 302.60349 622.64111 492.48035 3264.2397 
0.4625004 1011.408 0.9752157 308.6236 159.78694 624.64777 394.58054 358.84985 302.61313 622.27429 492.55228 3263.9282 
0.4625055 1147.23 0.9448153 308.59775 159.71568 624.69501 394.55756 358.87061 302.60648 622.34534 492.63867 3264.0269 
0.4633672 1244.302 0.9714815 308.65851 159.7119 624.55737 394.5535 358.92575 302.60309 622.34564 492.47235 3263.8281 
0.4637809 1444.206 0.9341252 308.63004 159.66702 624.5498 394.53592 359.05884 302.62949 622.49689 492.55261 3264.1206 
0.464054 792.2883 0.976542 308.78067 160.04552 624.59045 394.63913 358.73938 302.65958 622.06049 492.8139 3264.3293 
0.4643055 1629.795 0.9472844 308.67239 159.63663 624.63312 394.53055 359.1272 302.64761 622.49152 492.47842 3264.2175 
0.4644099 1779.437 0.9346064 308.6897 159.61356 624.68292 394.54898 359.15408 302.66837 622.58527 492.44159 3264.3845 
0.464797 587.0762 0.9789861 308.96567 160.35893 624.93622 395.04681 358.60739 302.76453 622.11176 493.16422 3265.9558 
0.4650106 1209.171 0.9616756 308.70612 159.8056 624.57452 394.54196 358.98102 302.65173 622.22009 492.51392 3263.9949 
0.4650229 1506.219 0.9619852 308.64401 159.71936 624.56531 394.54111 359.17114 302.64963 622.3772 492.40518 3264.073 
0.4651703 1172.317 0.9412768 308.64688 159.81708 624.4848 394.54199 358.94186 302.60199 622.19739 492.58499 3263.8169 
0.4657811 1497.089 0.9398103 308.71835 159.73909 624.59167 394.56122 359.11053 302.6629 622.41608 492.47488 3264.2747 
0.4657811 1497.089 0.9398103 308.686 159.73935 624.54321 394.47 359.12207 302.67004 622.40509 492.48163 3264.1172 
0.4661099 2326.82 0.951997 308.77335 159.61446 624.70032 394.50507 359.34189 302.70291 622.745 492.33273 3264.7161 
0.4663339 543.028 0.9777932 308.97165 160.53223 624.93524 395.11246 358.7821 302.87064 621.93628 493.48688 3266.6274 
0.4665397 1553.045 0.8683174 308.67404 159.68736 624.55829 394.49216 359.18442 302.69339 622.55438 492.59216 3264.4365 
0.4669833 2134.973 0.9511711 308.7785 159.68059 624.64899 394.50766 359.3674 302.74655 622.5791 492.36517 3264.6741 
0.4671292 1689.745 0.9385332 308.76596 159.7451 624.62756 394.53305 359.16367 302.70685 622.49457 492.38525 3264.4221 
0.4672623 459.0584 0.9827939 309.1893 160.74782 625.11304 395.28149 358.83102 303.02283 621.95331 493.94397 3268.083 
0.467369 602.0019 0.975466 308.97876 160.43219 624.7218 394.93607 358.68518 302.80463 621.97125 493.13715 3265.667 
0.467578 1316.217 0.9691426 308.77097 159.87502 624.39191 394.56931 359.05176 302.69916 622.203 492.4285 3263.9895 
0.4683802 1222.385 0.9362076 308.76596 159.94168 624.38672 394.5434 358.97763 302.69504 622.11353 492.57068 3263.9946 
0.4688991 590.3974 0.9806522 309.09216 160.52289 624.63385 394.95578 358.83469 302.88803 621.94568 493.16275 3266.0359 
0.4690167 588.5429 0.9798875 309.06097 160.53033 624.55133 394.96899 358.75818 302.94128 621.86884 493.22318 3265.9031 
0.469186 1788.681 0.9451087 308.8038 159.82613 624.45685 394.5441 359.29672 302.74802 622.36646 492.36887 3264.4109 
0.4692087 1386.664 0.9467077 308.7991 159.92549 624.3302 394.51657 359.08606 302.7428 622.17499 492.43048 3264.0059 
0.4696986 508.6724 0.9807803 309.23386 160.76503 624.96509 395.21127 358.68182 302.88501 621.99463 493.53314 3267.27 
0.4701441 1458.462 0.9584465 308.85846 159.9433 624.39423 394.56137 359.19031 302.75372 622.19794 492.3494 3264.2488 
0.4704927 2047.797 0.9606373 308.86862 159.84151 624.48187 394.55789 359.32132 302.80295 622.40955 492.29465 3264.5784 
0.4705015 1579.268 0.9461304 308.82077 159.91878 624.4425 394.49487 359.22195 302.79877 622.21307 492.37537 3264.2861 
0.4705689 1120.453 0.959941 308.8613 160.10773 624.21002 394.58792 359.01736 302.7529 621.93774 492.53552 3264.0103 
0.4708158 771.7493 0.9730067 308.95193 160.35716 624.25433 394.71814 358.90201 302.81967 621.78223 492.77502 3264.5605 
0.4714031 1179.395 0.976343 308.8949 160.08733 624.28522 394.57996 359.11099 302.79404 622.02325 492.44064 3264.2163 
0.4714031 1179.395 0.976343 308.87512 160.10199 624.35486 394.58267 359.05493 302.75964 621.96167 492.42789 3264.1189 
0.471451 1613.28 0.9633241 308.89044 159.96442 624.32721 394.55203 359.24701 302.78546 622.25122 492.33945 3264.3572 
0.4718078 597.7803 0.979036 309.11353 160.65253 624.52527 394.9465 358.7558 302.90637 621.82971 492.98462 3265.7141 
0.4722293 609.7369 0.9753528 309.13358 160.63309 624.45813 394.89908 358.84192 302.90149 621.69849 493.14029 3265.7061 
0.4724126 950.9337 0.9559521 308.94806 160.28888 624.29822 394.6369 358.90912 302.79004 621.8266 492.57693 3264.2749 
0.4727055 509.0376 0.9819267 309.30707 160.8651 624.55695 395.17065 358.85074 303.0289 621.65338 493.52832 3266.9609 
0.472822 2127.164 0.95156 308.95132 159.93623 624.4541 394.55807 359.37253 302.82449 622.37793 492.27277 3264.7476 
0.4728316 1389.172 0.9584652 308.9108 160.08365 624.19592 394.62906 359.228 302.79507 622.02124 492.36899 3264.2327 
0.4731941 1608.673 0.9556126 308.92679 160.04607 624.25476 394.5668 359.21613 302.81961 622.1192 492.32532 3264.2744 
0.4735973 2014.954 0.9643497 308.95947 159.99371 624.35962 394.52481 359.38409 302.84811 622.29175 492.22012 3264.5818 
0.4736273 1477.703 0.9418841 308.95447 160.09439 624.1557 394.54803 359.22403 302.79962 622.07654 492.30688 3264.1599 
0.4739865 1327.384 0.9363711 308.94702 160.13908 624.13043 394.58044 359.1572 302.80951 622.03186 492.40146 3264.1968 
0.4740204 873.2295 0.9762041 309.01184 160.39497 624.27393 394.66647 359.00272 302.82678 621.68457 492.59833 3264.4597 
0.4741354 990.0346 0.9538586 308.99606 160.33969 624.03149 394.63132 358.99445 302.79166 621.78381 492.55042 3264.1187 
0.4743838 2172.713 0.9623276 309.0195 159.98993 624.33539 394.54123 359.45737 302.86935 622.26184 492.23303 3264.7075 
0.4747988 1249.273 0.9698941 308.96454 160.21626 624.19989 394.60638 359.14157 302.82657 621.86444 492.37616 3264.196 
0.4750933 1501.384 0.9510628 309.01825 160.146 624.18335 394.53854 359.27383 302.86072 622.0321 492.30743 3264.3601 
0.4753562 1217.43 0.9754337 308.99445 160.24139 624.20691 394.58643 359.15894 302.82791 621.84656 492.33807 3264.2009 
0.4757087 706.4535 0.9796392 309.19177 160.64531 624.29742 394.8515 358.98041 302.89798 621.53174 492.73636 3265.1326 
0.4758322 1413.447 0.9261365 308.96664 160.18813 624.07098 394.52814 359.21869 302.84045 621.87994 492.34061 3264.0334 
0.4758733 2246.933 0.9495926 309.05185 160.0473 624.32861 394.54144 359.46912 302.89001 622.27783 492.22293 3264.8291 
0.4758733 2246.933 0.9495926 309.04294 160.04099 624.31189 394.53561 359.46463 302.89383 622.28821 492.22989 3264.8081 
0.4758842 1193.043 0.9661014 309.03558 160.29004 624.09808 394.56152 359.13556 302.84689 621.68286 492.35962 3264.0103 
0.476976 1562.813 0.9382305 309.052 160.20265 624.07355 394.56323 359.31204 302.8558 622.01923 492.32513 3264.4036 
0.4773342 1177.575 0.9720047 309.06592 160.34322 624.04639 394.60785 359.11691 302.85706 621.72955 492.39328 3264.1604 
0.4780987 1153.045 0.9362732 309.08459 160.39612 623.95215 394.58337 359.17221 302.88168 621.70398 492.35654 3264.1304 
0.4781174 998.5302 0.9713067 309.11969 160.4873 623.98065 394.62402 359.0975 302.89401 621.53955 492.42105 3264.1638 
0.4786004 1961.305 0.9620787 309.11429 160.20045 624.11078 394.5788 359.46756 302.94064 622.03986 492.15982 3264.6123 
0.4786576 1164.34 0.933608 309.07608 160.40971 623.93793 394.55157 359.1626 302.86172 621.72467 492.48178 3264.2061 
0.478695 1308.726 0.9199812 309.09796 160.3405 623.99164 394.58585 359.24448 302.87485 621.77686 492.40527 3264.3174 
0.4790066 1981.143 0.9493598 309.0993 160.22241 624.11554 394.52045 359.47546 302.9386 622.13782 492.20776 3264.7175 
0.4791764 1085.939 0.9691369 309.19604 160.48425 623.95996 394.64838 359.1781 302.85611 621.54889 492.38058 3264.2522 
0.4799992 1088.089 0.9734151 309.16306 160.50836 623.84723 394.63608 359.23932 302.89716 621.59589 492.33469 3264.2219 
0.4802422 1936.851 0.9608529 309.15582 160.28278 624.12915 394.5752 359.5278 302.96887 622.04114 492.16434 3264.845 
0.4803935 1372.679 0.9692274 309.1416 160.41515 623.97498 394.60025 359.27246 302.92191 621.7699 492.24677 3264.343 
0.4804871 1408.737 0.9641277 309.1908 160.40356 623.87488 394.59967 359.32547 302.95554 621.73169 492.22766 3264.3091 
0.4805099 802.0246 0.9687751 309.17981 160.73885 623.9436 394.75418 358.94479 302.96475 621.32544 492.67465 3264.5261 
0.4813564 1565.814 0.9653027 309.21991 160.4012 623.93744 394.60764 359.38394 302.9523 621.80884 492.21097 3264.5222 
0.4813778 1571.114 0.9603409 309.20053 160.40314 623.94586 394.58463 359.39066 302.96039 621.7998 492.19403 3264.479 
0.4816529 1517.928 0.9531747 309.19873 160.41875 623.86359 394.5896 359.38574 302.96103 621.82184 492.21371 3264.4529 
0.4817946 1891.167 0.9658167 309.21957 160.35869 624.02081 394.57932 359.55707 303.00052 621.91003 492.10477 3264.7507 
0.4820957 1452.302 0.9568112 309.23334 160.46579 623.8728 394.55408 359.37341 302.96848 621.7558 492.22998 3264.4536 
0.4820957 1452.302 0.9568112 309.20535 160.46819 623.83337 394.60803 359.42221 302.97495 621.73102 492.25623 3264.499 
0.4825973 1601.433 0.9644874 309.27841 160.44991 623.87439 394.57104 359.479 302.98102 621.7511 492.16422 3264.5491 
0.4832031 1543.09 0.9582293 309.25784 160.4899 623.92145 394.61835 359.41681 303.00403 621.75323 492.20377 3264.6655 
0.4838349 1738.839 0.9543312 309.26642 160.47453 623.86761 394.60117 359.52777 303.02756 621.81146 492.16034 3264.7371 
0.4850716 1330.926 0.9454847 309.3266 160.62253 623.74963 394.57782 359.38272 302.98346 621.52588 492.3241 3264.4927 
0.4857528 1129.561 0.9482023 309.30228 160.75186 623.63116 394.64026 359.32965 303.01157 621.48737 492.30243 3264.4565 
0.4868265 1833.833 0.9591807 309.35046 160.58897 623.79376 394.60129 359.58151 303.09717 621.72198 492.12198 3264.8572 
0.4874446 1392.07 0.9646419 309.38922 160.72194 623.59125 394.63474 359.4584 303.04059 621.4978 492.15088 3264.4849 
0.4884688 1526.799 0.9481412 309.39203 160.72278 623.66302 394.57541 359.50937 303.09924 621.58661 492.19083 3264.7395 
0.4885557 1748.668 0.9609929 309.40063 160.67 623.70587 394.58127 359.5621 303.10239 621.6554 492.08572 3264.7634 
0.4887191 1397.572 0.9716891 309.43063 160.76704 623.61871 394.59467 359.487 303.09076 621.41693 492.20569 3264.6118 
0.4889793 1254.108 0.9758191 309.44138 160.81815 623.58789 394.61618 359.45483 303.07968 621.37115 492.13892 3264.5081 
0.4895878 1457.975 0.9641162 309.48941 160.78676 623.61096 394.63953 359.49997 303.0965 621.45001 492.08575 3264.6589 
0.4906182 1190.428 0.9498269 309.4978 160.93164 623.51447 394.67059 359.41388 303.10452 621.32648 492.27563 3264.7349 
0.4907791 892.6101 0.9771023 309.49161 161.086 623.505 394.72748 359.32202 303.15918 620.98065 492.31516 3264.5872 
0.4908392 2005.507 0.9654958 309.50336 160.73204 623.63171 394.60117 359.70135 303.18774 621.66235 492.02957 3265.0493 
0.4908618 1580.954 0.9474086 309.47034 160.81377 623.53619 394.59927 359.55774 303.14752 621.51654 492.08289 3264.7241 
0.4917837 988.0367 0.9703013 309.5686 161.08842 623.46429 394.72501 359.29919 303.12079 621.11487 492.30396 3264.6853 
0.4918265 1708.897 0.9330306 309.52966 160.81096 623.55701 394.59543 359.63498 303.15744 621.55084 492.09192 3264.9282 
0.4919767 1217.367 0.9385965 309.46921 160.95802 623.46582 394.60327 359.44266 303.12891 621.25366 492.23108 3264.5527 
0.4928775 2371.099 0.9608823 309.56976 160.77698 623.65912 394.59821 359.80582 303.24796 621.70428 492.00424 3265.3662 
0.4928775 2371.099 0.9608823 309.56198 160.78099 623.63538 394.59879 359.79236 303.25275 621.70703 491.99997 3265.3291 
0.4936161 2347.493 0.9428757 309.60648 160.79695 623.62482 394.62952 359.80246 303.24014 621.6734 492.02225 3265.396 
0.4945341 1784.709 0.9515826 309.6012 160.92986 623.44324 394.61465 359.69461 303.21619 621.4552 492.0173 3264.9724 
0.4963311 1886.378 0.9683814 309.681 160.97356 623.44739 394.64023 359.75916 303.29712 621.38147 492.00485 3265.1846 
0.4964052 1563.018 0.9690878 309.66833 161.05659 623.26526 394.66245 359.71844 303.23303 621.32794 492.06519 3264.9971 
0.4968234 1550.002 0.9152917 309.62918 161.03928 623.37433 394.59598 359.64371 303.26669 621.34155 492.10126 3264.9919 
0.4972751 1507.864 0.9682455 309.65042 161.09555 623.33435 394.62952 359.65872 303.26358 621.17145 492.01505 3264.8186 
0.4984495 1175.296 0.9763114 309.7131 161.27393 623.22968 394.65005 359.58038 303.26941 620.91461 492.03018 3264.6611 
0.5010654 1347.245 0.9611116 309.83224 161.32812 623.18549 394.68188 359.65475 303.32315 620.98358 492.07538 3265.0647 
0.5015219 1265.174 0.974696 309.87106 161.37506 623.13599 394.66031 359.72952 303.35052 620.92529 492.08521 3265.1328 
0.5018423 1520.657 0.9606557 309.80692 161.30351 623.1842 394.67908 359.71259 303.35452 621.07623 491.98871 3265.1057 
0.5023646 1300.516 0.9752669 309.87173 161.39197 623.04584 394.67175 359.66956 303.35724 620.8761 492.00177 3264.886 
0.5037024 1518.69 0.9643009 309.91901 161.38425 623.09845 394.67368 359.7822 303.38269 620.9895 491.95428 3265.1841 
0.5044684 1182.429 0.9719717 309.91849 161.52885 622.91992 394.70206 359.63376 303.35504 620.83179 492.08716 3264.9771 
0.5051992 1118.204 0.9723933 309.95129 161.58136 622.93256 394.72125 359.67346 303.39996 620.69299 492.09091 3265.0439 
0.5057634 1297.635 0.9742877 309.98163 161.54173 623.00946 394.70181 359.73572 303.43332 620.82843 492.01242 3265.2444 
0.5057647 1260.171 0.9740109 309.97571 161.53535 622.89813 394.71277 359.71439 303.44147 620.75311 491.99716 3265.0281 
0.5061639 1424.419 0.9697465 309.95697 161.51913 622.96484 394.67352 359.78668 303.43045 620.96515 491.92911 3265.2258 
0.5083271 1380.302 0.9699138 310.02182 161.61047 622.89252 394.71149 359.87219 303.46906 620.81415 491.9884 3265.3804 
0.5093855 2032.817 0.9661747 310.08688 161.53548 623.00964 394.67377 360.01758 303.55161 621.06897 491.8519 3265.7957 
0.5096062 1461.57 0.9722256 310.07562 161.65634 622.90991 394.71091 359.89291 303.50171 620.72455 491.93073 3265.4028 
0.5096062 1461.57 0.9722256 310.11969 161.657 622.85571 394.66699 359.90955 303.51172 620.75525 491.92331 3265.3994 
0.5099109 1271.905 0.9713776 310.11395 161.72154 622.78864 394.68439 359.84503 303.50522 620.7027 491.89688 3265.2583 
0.5112126 989.7039 0.979274 310.16434 161.9398 622.71973 394.73068 359.72137 303.49646 620.45618 492.04355 3265.272 
0.5119362 1793.2 0.9674739 310.18021 161.67749 622.82043 394.69901 360.03772 303.57257 620.83856 491.8324 3265.6582 
0.5123404 1578.047 0.9641971 310.16354 161.73796 622.81427 394.72629 359.98349 303.54196 620.77051 491.85974 3265.5977 
0.5129367 1348.261 0.9659895 310.23508 161.82785 622.729 394.73019 359.87109 303.53149 620.62494 491.91055 3265.4604 
0.5134844 1341.515 0.9716718 310.17599 161.8644 622.64661 394.7085 359.95322 303.54822 620.5719 491.94257 3265.4114 
0.5135788 1206.122 0.9750299 310.186 161.91165 622.56445 394.69482 359.88309 303.55637 620.45276 491.93436 3265.1833 
0.5139621 1385.252 0.9645706 310.22156 161.87265 622.70001 394.69516 359.96426 303.59714 620.57672 491.92944 3265.5569 
0.5143565 1875.728 0.9659048 310.25385 161.76685 622.77515 394.72537 360.06888 303.61432 620.82825 491.79623 3265.8289 
0.5143576 1296.89 0.9746437 310.26547 161.90236 622.68176 394.70197 359.91956 303.59302 620.51581 491.89621 3265.4761 
0.5150456 1438.325 0.9689632 310.24249 161.90262 622.64935 394.71167 360.01169 303.59241 620.62671 491.9231 3265.6602 
0.5162562 1874.292 0.9680565 310.28082 161.8568 622.75128 394.74271 360.14188 303.65366 620.77856 491.82196 3266.0276 
0.516562 1286.719 0.9736216 310.32422 162.0096 622.59003 394.73087 359.93732 303.64078 620.45807 491.88116 3265.572 
0.5169816 1488.209 0.9688386 310.31509 161.96196 622.57373 394.73035 360.01904 303.62909 620.5213 491.87799 3265.6284 
0.5180862 1367.992 0.9720389 310.35406 162.04855 622.56946 394.74591 360.04312 303.69769 620.38257 491.88278 3265.7241 
0.5185068 1448.662 0.9692895 310.34567 162.03508 622.54883 394.74625 360.03748 303.67505 620.48383 491.85165 3265.7236 
0.5186828 1345.528 0.9707327 310.34903 162.08 622.5213 394.75955 359.99655 303.67352 620.42419 491.86401 3265.6682 
0.5190968 1491.236 0.9651205 310.39413 162.04295 622.50421 394.74554 360.05325 303.68674 620.51489 491.83383 3265.7754 
0.5208106 1769.604 0.9636801 310.43393 162.07115 622.591 394.73758 360.1792 303.74445 620.65442 491.77951 3266.1912 
0.5209995 1138.419 0.9820983 310.48602 162.24602 622.33826 394.78897 360.00089 303.72559 620.24927 491.79892 3265.6338 
0.5209995 1138.419 0.9820983 310.48904 162.25702 622.43408 394.77502 359.98792 303.73102 620.12164 491.92136 3265.717 
0.5215192 1283.373 0.9757342 310.50085 162.2193 622.43951 394.71408 360.05292 303.70251 620.33636 491.86084 3265.8267 
0.5219032 1465.058 0.9708715 310.45792 162.18105 622.48853 394.78711 360.07349 303.77896 620.40369 491.83807 3266.009 
0.5223517 1830.445 0.9684094 310.49008 162.11728 622.46417 394.74811 360.23163 303.76248 620.60669 491.77277 3266.1931 
0.522789 1493.4 0.9658333 310.48285 162.21878 622.4101 394.77158 360.13098 303.77484 620.39258 491.8342 3266.0159 
0.5232283 1281.02 0.9769885 310.49457 162.30257 622.39178 394.78717 360.11429 303.74542 620.23883 491.85794 3265.9324 
0.5246114 1212.032 0.9768557 310.6254 162.38225 622.31805 394.81882 360.13379 303.79147 620.15662 491.83331 3266.0598 
0.5288662 1093.576 0.9801591 310.7381 162.6089 622.14813 394.82379 360.10034 303.88565 619.94427 491.88477 3266.134 
0.5289369 1832.231 0.9659545 310.76242 162.41428 622.32806 394.79865 360.39264 303.90848 620.32623 491.754 3266.6846 
0.5312587 1189.815 0.9809422 310.78745 162.68475 622.08521 394.86957 360.18182 303.93539 619.92529 491.75977 3266.2292 
0.5319381 1116.928 0.9817765 310.82553 162.74045 622.0636 394.85001 360.18115 303.95926 619.8822 491.80707 3266.3096 
0.5339879 1007.619 0.9826087 310.86172 162.89014 621.9826 394.86172 360.14441 303.95227 619.77557 491.88327 3266.3518 
0.5355561 1187.216 0.9860056 310.91888 162.84624 621.91357 394.87067 360.29874 304.01648 619.69525 491.80035 3266.3601 
0.5369671 1990.937 0.9685259 310.97235 162.73062 622.08044 394.84763 360.62482 304.10602 620.22882 491.63928 3267.23 
0.5393357 962.7051 0.9827 311.06784 163.11801 621.81311 394.90201 360.25806 304.09085 619.44159 491.83176 3266.5234 
0.5406363 1143.486 0.9796256 311.10428 163.10095 621.69403 394.89438 360.40067 304.11734 619.6651 491.78708 3266.7639 
0.541087 1688.323 0.9696914 311.10468 162.95593 621.83997 394.87024 360.58698 304.15198 619.91309 491.6687 3267.0916 
0.5440059 579.8846 0.9836378 311.41263 163.76288 621.99756 395.28067 360.22003 304.30655 619.40344 492.44092 3268.8247 
0.5440566 1017.181 0.9832346 311.18106 163.3136 621.552 394.95685 360.39127 304.16876 619.37183 491.77289 3266.7083 
0.5441901 1530.159 0.9775879 311.20636 163.12312 621.74982 394.89868 360.62598 304.22269 619.77948 491.5957 3267.2019 
0.5473565 1108.966 0.9869715 311.32605 163.37468 621.58887 394.96948 360.52219 304.24771 619.42578 491.68506 3267.1399 
0.5473565 1108.966 0.9869715 311.33047 163.38794 621.52899 394.99323 360.52109 304.21725 619.38428 491.69159 3267.0549 
0.5483131 974.6186 0.9883836 311.40564 163.49933 621.58484 395.02731 360.51175 304.2785 619.30011 491.81314 3267.4207 
0.5494275 2172.918 0.96356 311.38187 163.24588 621.77112 394.93903 360.84698 304.37051 619.87067 491.56158 3267.9875 
0.5512307 1524.509 0.9750156 311.45511 163.43539 621.57758 394.92688 360.74728 304.35483 619.59399 491.59229 3267.6833 
0.5520381 1658.479 0.9532577 311.45425 163.43298 621.5058 394.97305 360.76498 304.35202 619.63202 491.64648 3267.7617 
0.5522093 1195.022 0.9857374 311.45117 163.56635 621.50507 394.9769 360.66751 304.35083 619.36047 491.68698 3267.5654 
0.5531433 1811.837 0.9745152 311.48834 163.44591 621.51385 394.98267 360.92004 304.42859 619.64026 491.58682 3268.0063 
0.5556278 459.3627 0.9866441 311.93179 164.49261 621.9505 395.81238 360.46585 304.71985 619.05798 492.99271 3271.4238 
0.5558972 1448.258 0.9743933 311.59351 163.6494 621.32629 394.96902 360.77789 304.4425 619.45795 491.62717 3267.844 
0.5578542 756.6545 0.9860539 311.76279 164.09183 621.28357 395.20593 360.54257 304.48523 618.91772 491.91846 3268.2083 
0.5588948 933.8284 0.9883836 311.74414 163.99345 621.26923 395.08524 360.6619 304.4805 619.02533 491.72104 3267.9807 
0.5613317 566.1102 0.9862277 311.9964 164.48596 621.44263 395.42853 360.47925 304.66925 618.94464 492.50211 3269.9487 
0.5622538 1722.44 0.9728546 311.84229 163.86385 621.30066 394.9939 361.0564 304.59763 619.43976 491.55859 3268.6531 
0.5668724 2533.095 0.9478775 312.00577 163.95273 621.27673 395.05368 361.28174 304.72739 619.51025 491.47696 3269.2854 
0.5692264 1425.796 0.9786307 312.05743 164.22018 620.97565 395.1142 361.08923 304.73001 619.05414 491.54999 3268.791 
0.5699748 537.3956 0.9883836 312.35297 164.92075 621.33881 395.59515 360.76965 304.86584 618.52924 492.34943 3270.7219 
0.570313 2404.662 0.9450097 312.14056 164.11848 621.11469 395.09958 361.36285 304.79736 619.45721 491.47339 3269.5642 
0.5742086 1056.479 0.9883836 312.24591 164.56471 620.79272 395.19412 361.0795 304.81668 618.59723 491.56348 3268.8542 
0.5789699 1183.102 0.9835212 312.39233 164.7276 620.62933 395.20291 361.24341 304.8873 618.64087 491.53247 3269.2561 
0.5791882 727.1951 0.9883836 312.51587 165.00241 620.73029 395.31985 361.01117 304.94839 618.2124 491.93359 3269.6741 
0.5816575 1431.798 0.9746328 312.45422 164.75429 620.67603 395.18573 361.36804 305.0032 618.76001 491.51218 3269.7139 
0.5816575 1431.798 0.9746328 312.5062 164.76605 620.6366 395.24594 361.37375 304.99539 618.78027 491.53586 3269.8401 
