0.8419801 1753.681 0.5650867
0.8482351 3979.074 0.9119692
0.873755 7291.223 0.9018518
0.8764719 2364.521 0.981288
0.8778715 9032.114 0.9638153
0.8816532 4639.159 0.6259983
0.8916216 8037.432 0.9940386
0.8937665 8724.142 0.1964939
0.9000496 912.1259 0.9731923
0.9052496 2092.031 0.9928547
0.9065371 3402.658 0.7235979
0.9082412 4021.041 0.9792983
0.9158904 3945.013 0.9758929
0.9179747 2238.769 0.9596164
0.9234374 1864.137 0.8261467
0.923833 5368.857 0.9910491
0.9246857 5710.998 0.848068
0.9259796 6424.387 0.9989819
0.9294159 5034.337 8.786561e-05
0.9297075 1139.5 0.9303335
0.9297704 4675.55 0.9908218
0.9314305 9918.651 0.9277147
0.9377055 2968.106 0.9927776
0.9405096 7223.306 0.9765716
0.9466336 5071.578 0.6846208
0.9488909 3643.061 0.8120815
0.9491206 6306.556 0.9844618
0.9506715 5056.892 0.5742383
0.9520994 9356.979 0.9672954
0.9547609 8994.994 0.993216
0.9549656 2394.955 0.8576002
0.9551909 3155.675 0.9883772
0.9564238 5924.951 0.9604195
0.9572382 5775.114 0.9975779
0.9582829 1612.697 0.7720851
0.9594628 3231.418 0.8751294
0.9638501 3524.859 0.9887865
0.9695911 4381.121 0.9208089
0.9718296 5780.364 0.952937
0.975082 3868.902 0.9973393
0.9766662 8424.168 0.9910491
0.9767322 8490.218 0.9934616
0.9776944 7450.339 0.9845561
0.9797232 2263.637 0.9160641
0.9800347 4153.659 0.4659736
0.9812961 2110.474 0.9373943
0.9813979 6672.012 0.9866493
0.9817141 4372.635 0.9970413
0.9821428 5886.99 0.9979408
0.9821691 6984.169 0.9978507
0.9844608 1082.087 0.7520498
0.9848383 6845.013 0.9840412
0.9853275 2318.95 0.7166292
0.988623 4099.734 0.9133946
0.989523 8865.47 0.8061319
0.9898244 4299.103 0.9528177
0.9917507 9951.669 0.9840573
0.9922613 5163.909 0.9327807
0.9928453 6037.652 0.9544308
0.9949115 9872.415 8.786561e-05
0.9979577 4238.008 0.9904321
0.9987018 833.1067 0.990371
0.9993701 3416.665 0.6918451
0.9998077 4709.777 0.8820392
0.999965 1805.803 0.6948279
1.001425 5783.497 0.3678022
1.002354 680.6497 0.9394646
1.003409 5077.498 0.8539553
1.00368 4462.368 0.7170603
1.004188 9846.1 0.9536362
1.00571 1956.559 0.9931269
1.008595 8496.718 0.9781799
1.009679 9090.063 0.8159405
1.010369 5764.961 0.8199931
1.012245 1608.71 0.9459113
1.019706 2050.121 0.9705014
1.020069 5164.777 0.4985681
1.022696 7608.553 0.8510348
1.024554 873.6731 0.9897433
1.025306 3817.05 0.5673367
1.025797 6973.79 0.9969484
1.026773 4813.93 0.9627287
1.028413 6021.46 0.7753107
1.030443 6861.909 0.9907851
1.032912 4077.582 0.3296058
1.034579 1587.311 0.9865649
1.036288 1039.029 0.9891022
1.037122 6600.108 0.988015
1.037528 6225.565 0.9721882
1.040384 1316.555 0.9531494
1.040497 5062.681 0.9927849
1.042095 4889.112 0.8182296
1.043311 8935.272 0.968972
1.044678 4428.34 0.7188944
1.045499 6904.101 0.5607145
1.046 8065.168 0.9763287
1.047301 4666.126 0.7769425
1.048123 1260.262 0.9091552
1.049889 4371.975 0.6475687
1.050467 7978.479 0.9666995
1.051771 1387.789 0.9920827
1.052246 2662.071 0.9947423
1.052502 1210.538 0.9953217
1.053673 5548.844 0.9719522
1.054367 1246.562 0.9429531
1.05494 2139.414 0.953301
1.055015 9256.913 0.9854392
1.057574 1740.362 0.9184199
1.059069 6564.935 0.9912049
1.059778 2677.716 0.989214
1.061116 425.7033 0.9651588
1.061957 1019.855 0.9879631
1.062333 8617.732 0.9500496
1.065219 6663.878 0.7700764
1.065947 1015.906 0.9636818
1.066692 1077.597 0.9302989
1.066814 606.8879 0.9380694
1.066834 4693.069 0.9717628
1.066981 1407.837 0.9675827
1.068565 1398.473 0.9690076
1.071623 6944.232 0.9438759
1.072117 5112.376 0.9596038
1.074394 8322.739 0.9072322
1.075901 7845.655 0.9946794
1.076247 2499.559 0.7807686
1.07728 895.9472 0.9390985
1.078011 506.572 0.9412785
1.080509 1267.578 0.9914938
1.081882 1514.474 0.9355311
1.083747 1635.268 0.9469486
1.084695 4949.326 0.537068
1.084915 6493.921 0.2214099
1.089424 7775.232 0.773397
1.091742 1793.492 0.8890275
1.094718 1586.693 0.9388697
1.095205 4925.461 0.8927452
1.096586 4510.243 0.9931247
1.100812 918.0261 0.9637189
1.102807 711.1762 0.9616233
1.103261 942.1058 0.9286262
1.104926 2166.956 0.9814603
1.105964 2099.623 0.9315358
1.106069 2547.546 0.9958854
1.106779 1023.037 0.995355
1.107149 2403.646 0.9928233
1.107312 1423.826 0.8770511
1.108483 1393.671 0.9941652
1.110851 3100.89 0.6197684
1.111945 6037.333 0.9857073
1.112382 1715.941 0.9214056
1.114011 948.8622 0.9857601
1.117183 7026.012 8.786561e-05
1.122704 4632.36 0.8770794
1.123995 2858.618 0.9098411
1.127186 3081.334 0.9873326
1.128224 2588.555 0.8175601
1.129545 4437.612 0.9758656
1.130937 972.8264 0.9954311
1.131733 5833.653 0.6763413
1.132114 1156.348 0.9939628
1.135092 1095.307 0.9714375
1.135925 2035.903 0.9689769
1.137291 2207.426 0.9932558
1.138426 1502.161 0.9377177
1.140166 1008.216 0.9952056
1.140738 5273.595 0.9538591
1.14135 1003.488 0.9954494
1.144067 856.3836 0.9570481
1.147411 1956.992 0.9285013
1.147779 4339.29 0.9600779
1.148473 3628.852 0.8460746
1.15046 3994.409 0.719627
1.153859 2554.951 0.993426
1.156654 1472.036 0.9850457
1.162463 9798.412 0.9464205
1.162708 8573.692 0.6951784
1.162752 8030.228 0.9905419
1.163705 1504.228 0.528221
1.168536 3043.082 0.9936398
1.168949 4133.362 0.5292163
1.172602 3463.262 0.9812516
1.174297 1119.201 0.9337697
1.175615 3464.971 0.5073919
1.177276 4051.016 0.9920985
1.180555 4944.121 0.8632491
1.181341 7746.241 0.9420214
1.182271 3946.173 0.251324
1.183449 11292.89 0.9958067
1.185498 2479.177 0.9906702
1.18871 3938.374 0.9445935
1.190463 1925.527 0.816855
1.190945 1101.748 0.9950314
1.195282 5356.871 0.9020036
1.195728 4963.701 0.1107938
1.196384 2671.514 0.8304333
1.199629 1099.525 0.9947304
1.200633 7576.438 0.7590408
1.201085 5071.874 8.786561e-05
1.201982 2678.63 0.7755543
1.210274 8806.696 0.6716379
1.215681 10469.09 8.786561e-05
1.218819 4098.932 0.7120674
1.222842 9074.17 0.9989819
1.223741 1750.613 0.6838042
1.227808 1066.909 0.9917458
1.232159 2180.763 0.9555785
1.235783 590.0872 0.9757398
1.240845 6039.847 0.9507698
1.246619 3873.013 0.448126
1.247354 5430.394 8.786561e-05
1.247841 4597.4 0.3738336
1.249904 2457.29 0.9817365
1.250225 9096.461 0.9974692
1.260672 7866.528 0.9275434
1.262117 9659.85 0.9965961
1.262907 4558.019 8.786561e-05
1.269115 2524.078 0.995928
1.270257 1526.142 0.8302258
1.274686 1690.098 0.7986782
1.279916 9506.193 8.786561e-05
1.279922 10397.88 0.9862751
1.283689 5486.565 0.9781427
1.28424 8859.038 0.9978096
1.285198 2928.636 0.99222
1.288596 3526.39 0.3651954
1.28984 8834.793 0.9989819
1.300649 2637.338 0.9893295
1.300918 6826.348 0.9957934
1.30201 11617.03 0.9989819
1.313224 4132.286 0.05628902
1.314364 3783.183 0.4768018
1.315056 3552.9 0.9782288
1.316292 5581.746 0.9969177
1.317972 1675.728 0.9405815
1.325982 11150.58 8.786561e-05
1.330577 4208.939 0.9478722
1.33299 917.4866 0.8053699
1.337908 3088.016 0.9342645
1.339022 8741.347 0.6568317
1.345875 5543.902 0.9873855
1.347392 5843.178 0.7451242
1.348741 992.0061 0.6479259
1.349496 6369.422 0.9989819
1.360541 1409.674 0.5500746
1.365428 2412.079 0.9907614
1.368411 5706.123 0.755673
1.377544 1265.897 0.7229505
1.380357 5676.723 0.5572666
1.382001 4553.511 8.786561e-05
1.388593 4393.947 0.4223336
# initCovFnParam= 0.795676814510732 1387.25567344553 13.0963035683356 4
