0.8407198 4626.838 0.978294
0.8472046 3695.1 0.9919048
0.8482099 4935.123 0.9164304
0.8539486 10955.93 0.9466564
0.8569873 4328.756 0.9985604
0.8605316 5197.523 0.9976416
0.8653214 1519.659 0.9907978
0.8717628 1103.583 0.9815375
0.8844427 9391.224 0.0001757055
0.8862409 4966.469 0.2394631
0.889266 3177.893 0.7920288
0.8900791 2717.334 0.8313578
0.8969272 2215.596 0.6168391
0.8987865 7242.485 0.0001757055
0.8992089 2951.458 0.9935689
0.8993027 2860.537 0.5771531
0.9009787 804.3177 0.8764249
0.9049733 9160.762 0.0001757055
0.9073414 5456.255 0.996454
0.9092562 4136.053 0.398409
0.9122529 1068.114 0.9709302
0.9132659 902.7527 0.9361199
0.9247397 2955.223 0.6273012
0.9253794 1474.626 0.9961795
0.9272223 3686.618 0.9903866
0.9306551 1401.061 0.9798341
0.9325808 1669.6 0.9381972
0.9424178 9638.71 0.9919458
0.9437804 1773.897 0.9310878
0.9548204 7692.539 0.9717645
0.9583395 1457.816 0.9960825
0.9594934 6251.061 0.7902023
0.9599203 680.2408 0.9561552
0.9631396 3263.965 0.9926044
0.9661714 6209.661 0.9985604
0.9668864 4458.665 0.7973988
0.968017 8705.784 0.7344376
0.9683886 1450.614 0.991622
0.9719059 9724.478 0.1510266
0.9725446 5259.57 0.9614975
0.9758947 9817.412 0.9908466
0.9769359 4686.024 0.6107731
0.9784148 4925.283 0.9937676
0.9809978 7693.46 0.9336316
0.9811641 8063.423 0.9128799
0.9859264 5707.339 0.6376391
0.9897836 5823.484 0.6860411
0.9961533 6340.249 0.9315861
0.9973246 5944.435 0.6056901
1.002416 6994.695 0.8562342
1.003016 7730.637 0.9825873
1.006341 3197.373 0.9894873
1.006592 2976.705 0.8653115
1.006928 3714.255 0.9915146
1.007738 3543.069 0.9961833
1.007856 774.8663 0.9570173
1.007967 7307.956 0.5641422
1.008772 3584.761 0.4256054
1.009443 4383.708 0.6327292
1.0102 851.3856 0.9161574
1.012143 1302.959 0.9958622
1.015474 8615.314 0.9925561
1.016362 3455.131 0.9941993
1.017656 3749.078 0.933555
1.019577 1245.365 0.9958207
1.019762 6168.115 0.8519078
1.024082 2385.919 0.4807125
1.026739 873.251 0.8668413
1.027171 2789.714 0.9709134
1.028197 1249.443 0.9957958
1.031196 4292.257 0.6490777
1.031759 6634.99 0.9205314
1.031978 6856.055 0.9888599
1.033223 1284.513 0.9958494
1.034547 915.0847 0.956122
1.035185 7498.119 0.9028225
1.035828 4228.433 0.9589295
1.03598 7569.679 0.9985604
1.036659 1506.431 0.8929972
1.037047 6998.181 0.9985604
1.038587 9172.858 0.9944355
1.039545 1205.141 0.8031358
1.040403 1361.457 0.9944102
1.040591 6907.276 0.9497007
1.041177 7065.61 0.9885478
1.042178 671.8178 0.8974862
1.042363 11040.21 0.9836713
1.043419 4910.322 0.8607303
1.043779 8009.495 0.9882497
1.044576 977.5225 0.9562628
1.044775 4652.214 0.6716417
1.045543 1517.939 0.9070303
1.046511 920.4466 0.9718591
1.047747 5845.866 0.9859843
1.049525 5151.343 0.7463554
1.050485 887.1531 0.9820899
1.051661 992.2307 0.9270346
1.056414 8502.168 0.5574167
1.057118 3074.278 0.8691579
1.057555 1247.966 0.9032338
1.05799 2452.942 0.6746388
1.058226 7665.402 0.5529981
1.059511 5853.801 0.9111861
1.059987 1774.658 0.9294529
1.062305 7746.777 0.9908196
1.063353 9131.797 0.4527263
1.063686 2163.814 0.9397457
1.064023 965.6816 0.9629949
1.065674 9853.468 0.863061
1.065985 3551.183 0.9849811
1.070816 1624.406 0.9939968
1.07186 9116.867 0.0001757055
1.074659 1092.504 0.8664163
1.075553 4333.355 0.9483086
1.076546 1587.665 0.9251307
1.07933 7918.038 0.9911216
1.079938 1583.716 0.9846078
1.083429 1156.796 0.9924925
1.084802 3695.831 0.8017108
1.084938 1556.33 0.9932986
1.085278 5308.515 0.9797976
1.086322 1057.374 0.9844359
1.088148 1297.292 0.8249138
1.089673 1439.093 0.760012
1.090105 611.4897 0.9466193
1.090727 1820.495 0.8559533
1.094297 1189.536 0.9667797
1.094905 1231.632 0.909946
1.098631 5097.309 0.9639975
1.099515 982.1995 0.9879074
1.100243 5585.497 0.6737493
1.100361 1195.355 0.9328254
1.100439 1950.544 0.9610638
1.101733 6404.803 0.9787301
1.102377 1321.716 0.9566036
1.107247 3408.266 0.933296
1.108221 5757.622 0.9896314
1.109303 1600.503 0.9625046
1.109324 848.2195 0.9935934
1.110779 9134.564 0.873559
1.114362 2851.034 0.8886518
1.116171 1356.962 0.9792365
1.117707 1015.831 0.9542126
1.118001 948.3702 0.9795589
1.119832 10542.3 0.996015
1.121811 1225.391 0.9879616
1.125164 1249.976 0.8988833
1.125183 8417.564 0.9898504
1.125637 1559.205 0.6776316
1.12642 3149.321 0.9921465
1.126865 7673.294 0.993894
1.128008 8069.354 0.6111952
1.129016 4332.673 0.9376476
1.129066 8488.958 0.970144
1.129484 2044.516 0.9464108
1.130359 990.2303 0.9667015
1.13622 4006.592 0.6142464
1.137125 2616.831 0.9296667
1.140148 960.5919 0.9659306
1.140303 4218.503 0.9912464
1.141315 2453.18 0.9644163
1.149796 7672.261 0.78251
1.151388 2228.434 0.9580907
1.152091 3170.18 0.7633982
1.153313 1274.069 0.8854014
1.154022 10505.68 0.9929667
1.157089 8829.284 0.721206
1.160411 5069.61 0.3141013
1.160508 5257.451 0.9697281
1.162932 3151.555 0.9355228
1.163053 7530.167 0.9961805
1.164307 6515.77 0.1488791
1.168116 3467.417 0.4705529
1.169111 2204.648 0.5986919
1.169988 8585.049 0.9632505
1.17213 2612.52 0.7426721
1.175773 9722.13 0.8961858
1.180384 3158.931 0.9963603
1.181965 1580.648 0.8463324
1.182323 5962.967 0.9657706
1.182753 7632.02 0.9978806
1.184942 1803.445 0.8238605
1.186832 1526.868 0.994275
1.187377 8859.205 0.7134948
1.187559 10123.62 0.0001757055
1.189954 4408.637 0.9952174
1.191176 708.1259 0.9937116
1.192362 880.8422 0.9936229
1.195344 3588.567 0.8182259
1.197914 4265.074 0.9876307
1.199945 4785.149 0.9929491
1.200643 4045.86 0.9929438
1.201403 9306.951 0.8124255
1.207006 8469.958 0.9059595
1.207062 4758.849 0.5460055
1.207445 8534.704 0.9722531
1.208635 3736.419 0.9923483
1.208877 2316.719 0.9849321
1.209634 4277.882 0.9652971
1.210627 5113.42 0.9963357
1.210978 3605.257 0.9261349
1.211133 5012.955 0.6420208
1.214307 2867.297 0.0001757055
1.21936 1172.517 0.9241617
1.222367 1173.68 0.9686724
1.225687 5051.07 0.8883625
1.22772 6888.709 0.8185034
1.233581 1672.02 0.7658124
1.236871 1680.523 0.9719919
1.236943 6884.308 0.2836508
1.240901 6836.084 0.9794714
1.244144 2684.027 0.4689715
1.244477 2646.674 0.8993648
1.2445 7290.07 0.9975393
1.248438 1265.672 0.9206719
1.249863 4149.148 0.03473504
1.25051 4122.936 0.9958166
1.252222 6511.45 0.9894545
1.252298 3220.884 0.38921
1.257984 4617.602 0.9810802
1.261217 7011.552 0.9906183
1.261644 764.341 0.831379
1.266257 3475.64 0.786566
1.26634 5173.33 0.5214567
1.268926 2111.318 0.7772725
1.26908 1998.269 0.9618602
1.270012 8932.275 0.8632711
1.274617 3959.562 0.8911648
1.278289 2057.477 0.9923101
1.279547 616.2321 0.9859621
1.282373 6772.393 0.7711521
1.283463 1161.829 0.8482151
1.287263 5550.789 0.6458083
1.290779 2829.613 0.9411123
1.293168 2772.913 0.2002945
1.293251 850.7766 0.9178112
1.297409 1621.261 0.9675112
1.301929 10862.51 0.9985604
1.305724 6989.803 0.9890231
1.313757 1564.083 0.9776758
1.316351 4096.637 0.793634
1.328175 2513.976 0.7932151
1.334241 4546.591 0.8470166
1.342524 2795.62 0.9936979
1.34325 3893.27 0.0001757055
1.352403 703.7571 0.8966266
1.365271 5946.416 0.004896118
1.372312 3679.284 0.9814164
1.379429 3008.462 0.6511144
1.396499 2630.082 0.9717146
# initCovFnParam= 0.761662717247942 1377.42638425844 11.8749287982783 4
