## Sat Jul  6 17:55:50 2024; Sample: 1; # of loci: 8; NrunsPerPoint=30;
## pointmin=1  pointmax=100 out of PointNumber=100
0.8675298 3714.153 0.9047713 281.26682 140.63445 573.46924 361.06775 321.03964 269.28488 571.54443 449.23715 2967.5442 
0.8744746 3552.359 0.9130487 281.32465 140.7645 573.23962 361.0473 321.05936 269.34735 571.37659 449.10153 2967.2607 
0.890337 4185.269 0.8823403 281.50378 141.01945 572.85419 361.01373 321.14856 269.40076 571.03662 448.94434 2966.9214 
0.9006065 3968.765 0.8833629 281.60568 141.21042 572.53839 360.978 321.16684 269.4628 570.74646 448.81406 2966.5225 
0.9018535 3874.264 0.8714332 281.58578 141.23329 572.49744 360.95303 321.15732 269.46976 570.7049 448.79916 2966.4006 
0.9131199 1126.687 0.9448856 281.36383 141.80086 571.66772 360.69791 320.84244 269.68695 569.81262 448.7951 2964.6672 
0.9318675 4233.681 0.9135155 281.90634 141.76666 571.75916 360.90759 321.29001 269.61075 570.01459 448.44504 2965.7002 
0.9434748 3682.304 0.9078365 282.00491 141.98495 571.41864 360.8443 321.30978 269.66321 569.69678 448.32855 2965.2512 
0.9528093 1676.128 0.8948961 281.86765 142.35286 570.83582 360.61566 321.12003 269.81012 569.09015 448.35498 2964.0471 
0.9695045 4873.149 0.8828301 282.33072 142.4166 570.90021 360.84183 321.47275 269.81894 569.20227 448.09033 2965.0737 
0.9695045 4873.149 0.8828301 282.32581 142.41527 570.92206 360.83496 321.46661 269.8287 569.21985 448.08173 2965.095 
0.9741602 4710.13 0.8959278 282.37509 142.50659 570.76959 360.83472 321.4942 269.84705 569.10974 448.00998 2964.947 
0.9780774 5293.715 0.8904097 282.43228 142.56476 570.74524 360.83749 321.52939 269.87598 569.06299 448.00952 2965.0579 
0.9805038 4929.464 0.7870847 282.44205 142.59592 570.65765 360.80688 321.54199 269.87808 569.00916 448.01254 2964.9441 
0.9834809 4128.393 0.9448856 282.46564 142.6886 570.54449 360.7937 321.49829 269.91238 568.82025 447.94971 2964.6731 
0.9871053 4410.888 0.9004427 282.51791 142.74991 570.49133 360.78894 321.54309 269.93164 568.79327 447.91098 2964.7271 
0.9922336 2924.18 0.8713498 282.44394 142.90158 570.23846 360.69608 321.46466 269.98001 568.51477 447.88034 2964.1196 
0.9960374 608.5653 0.8962189 282.09506 143.75174 569.98566 360.70135 321.22253 270.57266 568.20471 448.88376 2965.4175 
1.010812 1399.431 0.8479878 282.40677 143.43799 569.42578 360.47208 321.29825 270.18384 567.75079 447.89175 2962.8672 
1.016133 2796.281 0.7303509 282.70593 143.2831 569.65265 360.66885 321.62393 270.08884 568.15515 447.79398 2963.9724 
1.018726 3824.447 0.8694553 282.83673 143.32579 569.74243 360.72897 321.68124 270.12445 568.08545 447.63782 2964.1631 
1.018726 3824.447 0.8694553 282.81265 143.32999 569.70184 360.71164 321.68591 270.11285 568.09021 447.63596 2964.0813 
1.01896 5122.93 0.8806161 282.87991 143.3037 569.81311 360.77811 321.72369 270.12497 568.19696 447.66312 2964.4836 
1.022337 892.298 0.7975255 282.34213 143.81105 569.15375 360.40262 321.28683 270.39478 567.46307 448.13263 2962.9868 
1.025824 2405.124 0.7771266 282.75641 143.49866 569.39984 360.61459 321.63278 270.16049 567.81012 447.69983 2963.5728 
1.026113 6104.549 0.9079136 283.00058 143.41275 569.73956 360.79965 321.80029 270.1701 568.09235 447.6011 2964.6162 
1.027268 3479.691 0.6813354 282.8595 143.43045 569.57758 360.69965 321.7406 270.18112 568.03192 447.7077 2964.2285 
1.033893 2225.135 0.7811367 282.8298 143.66957 569.16553 360.58093 321.62003 270.21478 567.62244 447.60416 2963.3074 
1.036774 2227.38 0.8224153 282.83762 143.73698 569.08527 360.61926 321.64096 270.25848 567.50958 447.58038 2963.2683 
1.037098 2433.907 0.8723655 282.897 143.73859 569.07928 360.62784 321.67377 270.25287 567.50421 447.51804 2963.2915 
1.037521 4554.145 0.8058497 283.09714 143.63283 569.42175 360.75229 321.81546 270.23581 567.80829 447.52939 2964.293 
1.040001 4294.446 0.6163881 283.0481 143.61372 569.39313 360.71075 321.84653 270.21722 567.90771 447.65811 2964.3953 
1.040001 4294.446 0.6163881 283.03281 143.60855 569.38049 360.70941 321.8476 270.22244 567.92358 447.64215 2964.3669 
1.043031 2214.913 0.823506 282.89352 143.85217 568.98157 360.59354 321.67087 270.28717 567.40082 447.50272 2963.1824 
1.050573 3345.173 0.7164007 283.12033 143.86623 569.0545 360.67978 321.84631 270.31021 567.53308 447.50983 2963.9202 
1.053285 2432.845 0.8674416 283.04977 144.03357 568.80865 360.62585 321.76111 270.37372 567.19751 447.34744 2963.1975 
1.054628 2291.373 0.7767463 283.03937 144.02477 568.80292 360.57672 321.7652 270.35425 567.20203 447.44907 2963.2141 
1.054632 2230.008 0.7567828 283.0141 144.0193 568.77881 360.56705 321.73419 270.36844 567.26318 447.50809 2963.2532 
1.058399 4244.852 0.6400051 283.2681 143.9478 568.99847 360.73163 321.95084 270.36005 567.54364 447.49594 2964.2964 
1.061635 2469.071 0.8351063 283.16559 144.17331 568.64557 360.59442 321.80493 270.40051 567.10907 447.35703 2963.2502 
1.064523 2384.94 0.8173757 283.18964 144.21341 568.54681 360.59097 321.81323 270.44461 567.0401 447.35419 2963.1929 
1.066822 3817.63 0.7539116 283.35162 144.15739 568.76465 360.69556 321.95499 270.41165 567.24103 447.3374 2963.9143 
1.070617 2389.03 0.7109089 283.23746 144.24806 568.52606 360.61047 321.85507 270.43307 567.08197 447.42499 2963.4172 
1.070617 2389.03 0.7109089 283.22223 144.25687 568.49902 360.58414 321.90271 270.45679 567.07574 447.44348 2963.4409 
1.070766 2223.984 0.785131 283.22681 144.32397 568.47516 360.56949 321.81824 270.48038 566.95703 447.32077 2963.1719 
1.071343 2302.072 0.8294982 283.25903 144.35515 568.43451 360.59399 321.85184 270.48709 566.84662 447.33365 2963.1619 
1.072169 2506.835 0.799412 283.30109 144.33675 568.45892 360.60043 321.86087 270.46216 566.93848 447.32092 2963.2793 
1.072834 3684.296 0.874614 283.42383 144.3073 568.63184 360.72049 321.9422 270.50076 567.01147 447.24469 2963.7825 
1.075273 5447.371 0.7851166 283.53058 144.29128 568.72192 360.77014 322.05881 270.4783 567.1925 447.25278 2964.2961 
1.0779 3449.364 0.8356169 283.48389 144.40137 568.4762 360.67587 321.95865 270.51773 566.88818 447.22162 2963.6235 
1.079944 2614.27 0.7825679 283.3938 144.45944 568.31433 360.59821 321.94714 270.51865 566.8476 447.28333 2963.3628 
1.087316 2751.979 0.8733451 283.52872 144.61607 568.20868 360.63504 321.95944 270.59586 566.65137 447.15387 2963.3491 
1.088995 4388.352 0.4886847 283.54797 144.39671 568.41663 360.67331 322.17557 270.52539 567.17645 447.46063 2964.3728 
1.089459 2462.125 0.8098548 283.51196 144.66391 568.1557 360.57343 321.95578 270.60516 566.6178 447.20706 2963.291 
1.089459 2462.125 0.8098548 283.49167 144.65431 568.1424 360.6008 322.0029 270.61469 566.67072 447.2023 2963.3799 
1.090863 3650.493 0.8419481 283.6553 144.62614 568.2395 360.68076 322.09006 270.61465 566.75171 447.13129 2963.7896 
1.091388 4026.814 0.7274128 283.64642 144.58121 568.31812 360.70929 322.12 270.59933 566.85291 447.21619 2964.0435 
1.09314 4243.209 0.8522242 283.69339 144.65158 568.28571 360.74091 322.12839 270.6152 566.75183 447.11871 2963.9858 
1.09686 4917.801 0.5351711 283.70776 144.58287 568.32733 360.72784 322.23215 270.60196 566.9942 447.34042 2964.5144 
1.098704 2502.222 0.8002446 283.59329 144.80991 567.94415 360.62372 322.03717 270.65564 566.46539 447.13351 2963.2629 
1.103288 5482.827 0.8547306 283.87872 144.80878 568.1958 360.77728 322.22333 270.6893 566.67102 447.0567 2964.301 
1.104862 4230.18 0.7778195 283.80911 144.83902 568.09857 360.73312 322.20566 270.702 566.61145 447.07303 2964.072 
1.110148 2238.243 0.7089418 283.69659 144.97237 567.73145 360.552 322.0994 270.7204 566.34991 447.189 2963.311 
1.117956 2641.137 0.7763396 283.84912 145.14066 567.62964 360.64813 322.19049 270.81033 566.20593 447.03162 2963.5059 
1.119339 3494.469 0.5888289 283.92465 145.00735 567.776 360.66672 322.3063 270.7587 566.48724 447.1778 2964.1047 
1.119339 3494.469 0.5888289 283.90405 145.01367 567.81915 360.67603 322.3129 270.76254 566.47791 447.18344 2964.1497 
1.12504 4851.899 0.7215172 284.10309 145.17407 567.7821 360.77362 322.35364 270.83939 566.34558 447.00894 2964.3806 
1.125596 3558.119 0.814304 284.05963 145.24059 567.62244 360.71414 322.298 270.85031 566.17114 446.95078 2963.907 
1.13148 4781.533 0.7504545 284.20715 145.29807 567.65778 360.75409 322.41458 270.89951 566.2196 446.94318 2964.3938 
1.134329 4472.501 0.7483892 284.20508 145.35204 567.60529 360.76151 322.4136 270.90707 566.16119 446.90341 2964.3091 
1.134659 3205.018 0.6726325 284.11032 145.34766 567.48999 360.66299 322.36014 270.88483 566.13281 447.0062 2963.9949 
1.135217 6389.442 0.794244 284.29617 145.35985 567.66998 360.82443 322.46451 270.92816 566.1828 446.89536 2964.6211 
1.141062 3942.93 0.8379476 284.27307 145.517 567.41077 360.73032 322.41153 270.96567 565.92535 446.84695 2964.0806 
1.141924 5474.029 0.7714868 284.35367 145.48619 567.5094 360.79041 322.49515 270.97137 566.06647 446.85495 2964.5276 
1.144249 3037.189 0.8343935 284.22849 145.59779 567.23169 360.68884 322.39575 270.98563 565.79883 446.79059 2963.7175 
1.146731 6057.022 0.7748945 284.42856 145.56718 567.48444 360.82059 322.55292 271.00534 566.02087 446.83932 2964.7192 
1.146731 6057.022 0.7748945 284.43307 145.56248 567.47986 360.82782 322.54401 271.01202 566.00592 446.84586 2964.7109 
1.147658 2250.485 0.6245532 284.1041 145.55997 567.1123 360.5661 322.39136 270.97485 565.91638 447.06451 2963.6895 
1.158304 3279.585 0.7618355 284.43469 145.81898 567.04633 360.71729 322.50449 271.09619 565.69409 446.80774 2964.1196 
1.16359 3351.214 0.8473688 284.50793 145.94453 566.9469 360.73746 322.53375 271.14166 565.53119 446.72018 2964.0637 
1.166641 3995.405 0.7629189 284.60071 145.94992 567.0459 360.77405 322.61206 271.14874 565.5918 446.76141 2964.4846 
1.16784 1249.001 0.8564873 284.19995 146.26566 566.37451 360.51044 322.31018 271.25186 564.91888 446.86374 2962.6953 
1.177629 3036.173 0.2964399 284.23529 145.65338 566.89996 360.53088 322.82938 271.04559 566.20953 447.62039 2965.0244 
1.178841 4103.59 0.8192626 284.75641 146.1866 566.78436 360.79407 322.68036 271.25903 565.3924 446.64139 2964.4946 
1.190253 768.9823 0.8210581 284.26144 146.88956 566.12909 360.60898 322.49814 271.69049 564.74701 447.34998 2964.1748 
1.192927 3578.769 0.6389755 284.85773 146.35039 566.56799 360.77643 322.81699 271.30765 565.30731 446.75494 2964.7393 
1.198331 3000.555 0.6310266 284.84567 146.44183 566.38092 360.72318 322.81827 271.35287 565.21661 446.75897 2964.5383 
1.198331 3000.555 0.6310266 284.86349 146.44418 566.40448 360.69489 322.84558 271.37048 565.17761 446.74521 2964.5459 
1.209407 4299.295 0.6782969 285.12643 146.66315 566.36816 360.82715 322.97501 271.45837 565.05353 446.60846 2965.0801 
1.210282 7104.77 0.7892807 285.26672 146.70403 566.50366 360.93723 323.02698 271.5018 565.08752 446.53464 2965.5625 
1.216018 2412.37 0.5897494 284.93671 146.70494 566.03326 360.68207 322.91565 271.44879 564.97882 446.84781 2964.5481 
1.231017 4262.403 0.7061198 285.42319 147.06836 566.01416 360.86957 323.13199 271.63605 564.73584 446.52292 2965.4021 
1.23498 228.3839 0.834881 285.89545 149.37294 570.60101 363.15256 324.92682 274.81592 568.76215 452.80328 2990.3301 
1.237293 3355.842 0.4807286 285.24365 146.97803 565.89252 360.74072 323.18088 271.58887 564.89368 446.76172 2965.2803 
1.241369 3063.623 0.5850951 285.37537 147.17473 565.75098 360.77783 323.17755 271.66602 564.66376 446.64825 2965.2344 
1.242115 4325.027 0.6396215 285.54047 147.23032 565.89056 360.90887 323.21957 271.72647 564.6344 446.52649 2965.6772 
1.250378 3553.432 0.3236637 285.26501 147.01488 565.71155 360.70627 323.35229 271.61307 565.02222 447.07916 2965.7644 
1.250402 4888.672 0.466416 285.57095 147.24617 565.81567 360.89081 323.3251 271.73093 564.75134 446.65115 2965.9822 
1.250402 4888.672 0.466416 285.58112 147.24576 565.80548 360.88498 323.33887 271.72525 564.76917 446.66034 2966.011 
1.257077 3003.778 0.2135568 284.99829 146.84358 565.72272 360.54825 323.44 271.54477 565.49799 447.54367 2966.1392 
1.267961 3263.043 0.5056619 285.70718 147.55243 565.43695 360.82202 323.39246 271.85086 564.43402 446.65466 2965.8506 
1.275849 6896.095 0.7653145 286.13632 147.87187 565.55719 361.08215 323.54752 272.03311 564.23853 446.32733 2966.7939 
1.278196 2766.001 0.878902 285.96857 148.03616 565.16113 360.91296 323.36554 272.07159 563.84906 446.26721 2965.6323 
1.279886 4608.768 0.3777385 285.84894 147.66588 565.38867 360.8732 323.5864 271.91861 564.49878 446.6832 2966.4636 
1.282359 3096.114 0.2956078 285.53809 147.45558 565.33673 360.6488 323.55716 271.77612 564.78015 447.12976 2966.2227 
1.28551 4786.84 0.659452 286.15082 148.01471 565.31183 361.0267 323.58673 272.08481 564.09882 446.36423 2966.6387 
1.289022 2884.537 0.1397065 285.19046 147.14456 565.46985 360.57425 323.69748 271.7131 565.51013 447.91998 2967.2197 
1.30264 3351.196 0.2739451 285.80957 147.74701 565.00696 360.75394 323.73755 271.99438 564.53406 447.1127 2966.6963 
1.320658 8691.372 0.5017191 286.7049 148.56354 565.02191 361.17578 323.96774 272.36667 563.87061 446.311 2967.9822 
1.320658 8691.372 0.5017191 286.70758 148.56633 565.02057 361.18271 323.95264 272.36359 563.86108 446.31323 2967.9678 
